-3591	3351	101442
-2896	-311	99119
-3423	-1292	94954
-4788	2849	95696
-4429	2753	99167
-5195	-47	94930
-6129	2059	95001
-4309	3136	97084
-3734	550	94331
-3327	1292	96390
-4141	2609	96773
-3375	2777	97563
-3375	4309	96079
-861	981	99862
-2418	-335	98114
-3160	981	96390
-2418	2873	98090
-1795	4908	101202
-1556	4525	96007
-1460	-359	96821
-718	-5746	93302
-1939	1484	94594
-3687	9840	96222
-4046	-574	93325
-4836	3303	92392
-4070	7469	97779
-2968	9624	103716
-2226	5386	98904
-1221	2537	98497
-1412	2944	96414
-1436	814	97539
-2609	2537	98305
-5913	7637	99790
-6057	14077	100987
-5386	4333	93732
-5985	6751	91602
-4165	7781	95432
-3782	10941	95600
-3782	8427	93038
-2585	6631	95265
-4094	12952	92104
-3902	14867	100819
-3471	11228	98521
-2777	14030	99431
-3088	15322	95959
-3639	21164	96342
-3878	22840	97803
-3782	15801	98162
-6464	12737	91362
-5339	9744	82695
-4572	32872	98832
-957	22481	103237
-3280	16424	91626
-2681	13096	88585
-2705	18076	90165
-1388	34237	102783
-1005	32561	99503
-3208	26982	92535
-3208	19704	90476
-4668	32297	86909
-4022	43119	98449
-1268	25929	95313
-3567	24708	84658
-6727	32130	87555
-8092	42880	87915
-5434	42928	94618
-3926	30310	87843
-3758	25474	79439
-7206	47572	84946
-8427	59041	92775
-5554	45154	93421
-6129	38283	82456
-6847	35745	77260
-6991	48769	83988
-9337	67133	92176
-8044	54659	85329
-6512	44675	82839
-2753	31866	74004
-7757	47524	78697
-8283	60405	83797
-8212	67420	77165
-9911	55521	76327
-9050	56072	73861
-9600	61387	74196
-10151	65864	74363
-9648	66367	74914
-9504	62680	71012
-9935	64739	67731
-7733	69838	68641
-9074	75058	70317
-9002	71155	66606
-10797	68617	63470
-12449	69431	58107
-12904	76111	57365
-9433	83821	60046
-9528	77667	57412
-12689	74986	50230
-14221	83797	47285
-11899	91985	46878
-11923	81283	49583
-14700	86789	44077
-15801	83030	37397
-12449	81522	34117
-15586	99598	32345
-15107	100676	33734
-14987	91386	24851
-18986	80517	25594
-14891	83078	20063
-17812	99455	23175
-18842	117076	27676
-14820	83222	19488
-13479	91219	15777
-15346	86167	14748
-16783	90141	10773
-19728	104482	13407
-16615	98066	9911
-14125	91362	6033
-16400	90117	-909
-16065	91650	-7517
-14724	109606	239
-15705	101178	-4405
-14221	91147	-9672
-13431	91266	-13599
-14125	98162	-17286
-12425	100771	-15849
-13670	98449	-21739
-12832	93732	-20685
-13407	92942	-27676
-10749	91721	-28874
-11492	91290	-31435
-12641	94977	-35529
-11755	90788	-35841
-10678	92727	-36894
-10462	90237	-36535
-8786	87627	-40198
-10103	85784	-45394
-11085	84395	-49990
-8475	84635	-48530
-9121	87005	-52217
-7613	82216	-58490
-9672	76494	-61554
-8379	74124	-60716
-5626	73190	-61842
-3926	75704	-63949
-4501	75728	-71826
-4477	66654	-70174
-3399	67660	-70317
-1915	67348	-70844
-3902	67660	-76039
-3399	64188	-75991
-3950	60932	-76015
-2059	59088	-78194
-239	55377	-78386
47	59807	-84060
-742	56479	-83006
-670	51211	-83006
574	50924	-83605
-1867	44149	-89327
-2226	43454	-90620
-2681	42353	-88872
-1795	41874	-92224
-670	41802	-93182
-622	39767	-93900
-1412	34356	-90740
-3423	50254	-89040
-407	29520	-95744
1699	26384	-94355
2513	27581	-100867
430	22601	-96606
1077	23080	-94020
1077	20781	-97300
95	19393	-98712
981	16831	-99838
-191	14317	-98497
-95	10007	-97324
454	8690	-100388
-335	11348	-102280
4141	933	-100412
3399	-335	-99862
2466	-502	-103764
1747	-1963	-98904
335	263	-101202
2896	-3399	-103573
1604	-9145	-100915
2609	-10151	-99862
1915	-9600	-96677
1101	-12401	-100604
646	-12856	-103285
1268	-11180	-96677
1340	-19800	-96582
4692	-23391	-97827
2250	-21547	-97587
1508	-21428	-100604
-143	-26384	-98401
3734	-24301	-93948
14628	-35218	-89926
3687	-30023	-96869
3184	-31268	-96318
1412	-29951	-95887
3615	-29161	-92296
3495	-32154	-96175
3998	-31842	-95863
1580	-31818	-95983
2322	-30717	-95337
2920	-29233	-95169
2825	-28371	-95313
1843	-27605	-94762
1029	-28514	-96318
1915	-28993	-97755
1436	-24947	-94379
1891	-23702	-94738
2346	-20278	-100077
2370	-18435	-102902
2346	-17645	-99455
1771	-14867	-94547
646	-12593	-95600
3040	-13838	-105177
2513	-9002	-98545
5817	-5793	-99000
4644	-4094	-96917
3687	-5458	-101777
3639	1364	-101466
4261	8738	-97827
2920	7541	-97036
3615	5865	-100891
3687	7637	-100843
4118	15203	-98976
4118	16496	-96582
2825	20039	-97587
-574	19512	-101609
3184	24205	-97156
4429	30741	-94906
3375	31531	-92823
1292	29328	-97539
2609	30909	-95863
3495	37421	-91195
3399	40533	-91793
3303	40964	-90812
1843	38810	-95145
4141	41922	-92033
3998	45753	-86598
3854	46830	-84898
2250	47022	-88705
1029	47955	-88537
2729	51188	-85784
2873	51666	-82192
814	54803	-81570
311	53821	-83533
-407	57532	-83078
-143	60525	-81283
-47	59807	-77021
-1747	62919	-79367
-1029	65457	-74268
-311	66989	-74076
-670	69360	-72759
-2825	69168	-74004
-478	68138	-69503
-287	71562	-65936
-622	73549	-62871
-4165	75273	-68881
-3232	79343	-67851
-167	78290	-59232
-215	81091	-56191
-430	82025	-53007
-7158	82599	-66439
-4501	84778	-55521
-1077	85137	-44125
-1580	81331	-45106
-4836	86382	-51810
-4525	90213	-48099
-2202	85664	-41970
-95	88872	-37708
-383	88250	-41730
-5003	92799	-41539
-5626	94140	-30717
-3160	88729	-27916
-2513	90093	-25689
-3327	94379	-28538
-7805	91697	-30741
-5386	91913	-29017
-1628	96246	-22194
-3615	94714	-11971
-4357	96199	-27772
-2944	95049	-24277
-1963	92607	-20470
-1029	96797	-17741
-3303	96366	-19943
-2130	95959	-19704
-1029	96055	-18986
-1963	96749	-16591
-885	98329	-15466
-454	96055	-14389
-909	96677	-13048
-1819	98569	-13503
-742	95959	-10869
47	96486	-8571
-1604	99838	-8882
-215	98042	-7134
1197	96318	-4979
1987	95624	-2681
1651	96845	-1053
1197	102926	-3160
143	97420	-430
1771	95385	4309
2298	95983	7326
2944	101155	7685
2394	100221	4070
1556	95385	8619
4046	94618	13479
3256	96749	14269
3711	97731	13718
4333	94020	16591
3998	93062	17142
3711	97731	18219
5003	96270	23151
4381	94642	22792
5219	94618	25378
6296	95289	28874
4237	92823	27317
4908	88226	30813
6129	88968	36080
5626	89710	38402
5434	90213	40222
6081	88848	41778
5698	85185	42856
3758	85473	44723
6368	89423	47907
6105	83270	47716
5123	77308	48027
4165	76207	49895
5267	84539	52456
5746	84826	57125
6464	78242	57819
4836	70389	57843
5003	68953	59424
5554	77883	66151
5793	78841	68234
6320	71586	64284
5147	66056	63326
4381	66702	68115
4501	69096	72903
4572	65050	70341
4932	64116	70437
4620	59448	72424
2896	60333	77955
5267	60070	79032
4429	54372	78601
4189	50565	78793
4453	46926	81235
5267	49536	84251
4955	47979	85927
4572	45058	84778
4405	39576	85353
4979	42066	90381
6200	42257	90764
4548	34572	87340
4165	30262	88202
3495	32321	89351
5267	35051	98473
3639	32225	97755
2298	26479	88777
2059	23080	87125
3519	28299	90740
3878	29544	100173
3687	25617	99622
2466	22505	90093
814	15729	88489
-1268	15059	91530
1891	19225	99838
4237	17573	99790
1508	15059	93134
-694	7661	92847
-287	5027	95887
766	9050	97611
2801	7254	95313
2777	1580	97300
1005	-1292	93373
2944	-2250	93804
1268	-5363	88920
3734	-3232	104482
2466	-6129	100460
1221	-8595	95863
981	-12976	95313
1077	-11061	88729
-694	-8930	91769
2298	-11803	102591
-2801	-22720	102663
-2466	-18219	94523
-3615	-19393	84635
-4501	-19009	88322
-6440	-23750	98569
-5027	-28921	103836
-6871	-22888	94547
-8547	-26886	85832
-18531	-31052	78505
-1699	-23846	106829
-4812	-28275	102352
-8906	-25857	98042
-10151	-29065	90141
-11037	-38067	90261
-11779	-35817	95480
-9552	-34596	95121
-10414	-37876	89998
-9074	-31340	88609
-6416	-35506	92320
-9361	-38043	91745
-8403	-37397	88537
-9720	-35362	86095
-6703	-35577	87196
-10175	-38450	90764
-7206	-39480	91937
-9193	-41084	87172
-8571	-39408	86119
-8020	-39887	86550
-5698	-40701	88896
-6248	-41898	91219
-4572	-41276	87651
-4046	-40629	82121
-4285	-40964	83222
-5099	-44101	87627
-5051	-46591	91075
-3280	-49631	84515
-2705	-50014	81666
-2657	-49607	82192
-1843	-50350	84682
-1149	-51930	82169
-2729	-55234	78050
-3112	-56670	79894
-2178	-56335	79272
1029	-60238	79032
1053	-56766	76327
-1532	-60094	77093
1747	-59759	73525
2705	-62416	74363
2609	-65385	73813
-1077	-68210	71610
-383	-68091	69216
1244	-67372	67253
2370	-68833	70628
-670	-71466	69120
-1125	-76829	65505
119	-70772	61028
2466	-71419	60405
2657	-72448	63470
1675	-78122	64380
2346	-78865	61123
3232	-77883	57724
2537	-79487	54683
4572	-82576	56670
3112	-82073	53582
2681	-78912	53007
5291	-82480	48674
5602	-87172	46830
4884	-89327	44651
1963	-92679	43885
4118	-85808	44436
6823	-83270	39815
5698	-88992	38139
4908	-94977	36511
5530	-93517	30310
7661	-89351	30358
5937	-91099	33303
5339	-91554	30837
7278	-97180	28514
6488	-97755	25498
7398	-92080	24875
8331	-93493	24995
6536	-96175	17764
7230	-96414	12761
6919	-99957	9074
6775	-95720	11587
6392	-97922	8044
6464	-96175	5865
6943	-100987	2657
8930	-101992	2059
8475	-94427	-3878
2489	-87148	-2633
7685	-98234	-4501
9265	-102423	-6655
8762	-98401	-9504
7876	-93565	-15921
6727	-89088	-18507
8307	-100388	-18698
9241	-101370	-26527
8810	-92847	-28610
6177	-89351	-28491
6033	-95768	-26024
11276	-99766	-25785
11180	-94930	-32632
9050	-88250	-41467
9983	-84898	-42209
8331	-90189	-36942
5865	-95025	-42473
8212	-89782	-51403
6416	-80660	-54563
3280	-79176	-52624
3830	-86239	-49679
4788	-93230	-48865
6033	-82384	-54372
5985	-74483	-57963
4884	-78721	-58394
5243	-89471	-55808
5578	-82480	-59759
2418	-78218	-61411
1867	-73382	-64236
3495	-67995	-63661
4596	-78338	-62632
4453	-81977	-64499
3040	-72376	-69072
4548	-67995	-69838
3495	-70820	-69168
1460	-68450	-69551
3471	-69407	-72783
2896	-70174	-72472
526	-67468	-70676
3878	-66486	-76039
3112	-64834	-78170
1699	-57005	-74459
526	-59998	-76398
2106	-63685	-76494
2825	-62464	-78936
3280	-62153	-78817
4309	-58035	-79104
3423	-55904	-79894
3471	-61411	-80038
3064	-66750	-77572
4477	-62177	-78242
3064	-59136	-78625
4141	-61100	-80325
3184	-58969	-79655
3567	-62297	-79200
1723	-64475	-74316
3375	-64930	-76518
3351	-66463	-77404
3016	-65481	-74890
3519	-65888	-75489
3447	-67971	-74292
4165	-67827	-72424
3711	-69838	-70054
2561	-72161	-66056
1532	-74675	-65218
1053	-74220	-64068
1939	-74579	-64571
3088	-75944	-63398
3351	-76901	-61052
2561	-78266	-54180
3303	-87891	-51810
1771	-83557	-54922
3687	-81546	-56742
2777	-85401	-54539
3184	-89758	-48291
2825	-90189	-39600
1221	-86717	-39001
2705	-89375	-39935
2394	-92416	-42161
4165	-95792	-36367
2705	-97372	-28395
5291	-91793	-26527
3064	-90979	-27940
3734	-93110	-25043
7565	-98784	-22290
8762	-103932	-10606
10366	-97635	-11420
8786	-92727	-10271
9433	-95504	-7805
9864	-100580	-5937
9624	-105057	2106
10031	-98281	861
9672	-92511	718
9935	-93110	1149
11180	-97635	7757
10534	-101466	20925
10893	-97228	19536
9648	-92176	18124
9265	-90141	26647
7661	-89255	30573
8978	-95097	34572
9026	-94618	38762
11635	-90955	38379
10366	-85832	36870
7110	-84132	44077
10127	-87747	45848
10151	-85832	56024
12138	-83701	53486
11085	-79463	52696
11324	-77117	57676
10893	-76446	55138
12473	-72520	56886
11875	-74866	74507
11827	-65385	64308
11300	-59759	62967
14293	-65816	68450
17118	-69431	71203
19488	-68761	75393
21021	-67875	75273
17238	-56527	69312
18555	-52911	69934
21475	-54755	81474
23223	-56838	83174
23678	-57077	78577
25139	-55641	77548
25139	-51355	76997
25187	-44627	77021
28131	-46758	81690
32106	-46782	84204
32154	-47955	79463
32321	-47644	80014
31459	-43047	80732
34284	-40964	79511
37086	-39839	83509
36535	-38738	81450
37493	-38019	82145
39049	-35936	82001
38953	-33231	82983
40126	-32872	83294
40605	-30909	82169
41228	-30214	81522
43023	-29089	81690
46686	-28874	82576
48722	-29281	82935
50565	-28227	83749
49416	-27174	80708
51714	-25498	77596
53223	-23367	77236
55042	-23582	77452
58753	-23894	80014
57700	-23846	76470
58610	-23511	75106
58370	-20518	73430
58538	-22697	72376
62656	-22529	73190
64858	-22457	72951
63901	-20901	69575
64356	-19033	68067
65050	-18986	67708
67420	-21332	67636
69431	-19297	67013
70341	-19464	65146
71083	-19225	63757
73214	-17214	62392
72999	-17549	61100
75561	-17429	59041
80469	-18219	61674
79918	-17501	58849
81881	-16807	58442
80469	-16448	52887
79870	-17717	49248
83174	-17860	50302
85065	-16519	50230
85592	-14556	50062
83988	-12928	47237
84515	-15729	43981
85832	-16567	42066
86622	-14676	41898
88657	-10151	42233
89519	-12401	42018
87436	-13814	38331
88800	-14867	37349
88298	-12521	35506
91626	-13048	37421
91602	-11085	34261
92080	-11827	34045
93230	-11683	32656
94211	-8954	30789
95576	-13311	29400
94738	-13599	27724
94523	-10606	27413
95983	-7852	24923
95169	-7278	24037
95385	-12066	22697
94570	-13144	20614
94403	-11348	17310
95528	-9552	16735
97922	-11109	17166
102878	-8020	16376
99359	-8978	12689
96797	-7326	10917
98281	-8379	9217
100700	-6775	8355
101226	-7541	6464
96629	-14484	5099
95911	-7733	2681
95839	-2418	-2202
99622	-7900	-646
102040	-8499	-3615
100125	-8810	-5291
95241	-6871	-8068
98234	-4357	-6991
98353	-3734	-8068
100652	-5889	-8978
99096	-6655	-11204
97946	-3567	-13742
97060	-4022	-15849
97515	-3471	-16208
95576	-2226	-18579
97036	-4165	-19991
99048	-5363	-18914
94954	-6512	-21164
95983	-3040	-23319
94235	-5722	-25546
94235	-3184	-26479
96582	-478	-29400
94092	-933	-29065
96725	2753	-32225
97515	-2920	-32752
91338	-1173	-34955
92511	-167	-37708
92104	-2178	-39743
88034	-790	-40390
86957	2896	-43239
88896	1819	-43478
94044	5961	-47524
85999	239	-47860
80421	-526	-49009
86023	2130	-52911
88585	3040	-54587
86382	2082	-55856
82025	-502	-55737
81714	5506	-56886
81522	8164	-57963
78242	4692	-56383
76255	1628	-57867
76614	2753	-59064
78003	-2011	-64763
76063	-1197	-64787
81139	3615	-62895
76997	7733	-67324
71993	4405	-63853
71131	6655	-71706
71778	1436	-69743
72544	5913	-69886
68450	5339	-69336
66534	-2633	-70868
66079	-9433	-71083
68402	-1316	-75441
68569	7422	-77715
65289	6416	-75417
65601	3495	-75106
63877	574	-75920
62297	3112	-80038
65409	3854	-81067
61435	-1460	-79798
58801	0	-78577
59759	-430	-80469
53486	1556	-81857
55808	2011	-83126
57772	6631	-83006
52002	-9911	-86334
48722	1101	-89686
51355	-4477	-90165
49320	-2825	-84970
50972	-3926	-91602
46615	2154	-87579
45609	3782	-92583
43335	6177	-87460
40892	-119	-87340
51283	10079	-79918
49296	9337	-96653
46447	5841	-82552
49512	-2370	-90045
44843	-383	-91195
30765	-1843	-94690
38091	6799	-90955
40725	3471	-87508
40869	3734	-88896
32321	5865	-93134
37134	7876	-93373
40126	5123	-94331
40294	3280	-95792
34093	5243	-93110
31531	5817	-93062
35003	8092	-96797
32058	10103	-97731
29496	6679	-93110
22242	4453	-93732
22290	7517	-94307
32106	11204	-98593
32489	11659	-96749
23367	11899	-98449
19823	9074	-96869
19393	3782	-93732
23415	13646	-97228
19632	15993	-98305
17860	10989	-98090
18483	7302	-98281
18794	11037	-100029
17070	15370	-98712
14796	17764	-96701
14293	11994	-97467
15035	13335	-97587
10797	16543	-100580
10702	15634	-99359
9385	13024	-97515
13982	10151	-100340
9433	12665	-97898
6751	15346	-99072
10749	17860	-100364
10869	15777	-98425
9145	12378	-97635
10558	12330	-97156
11468	15418	-99957
10797	13527	-98210
12832	13599	-99119
13503	13551	-97156
17621	14867	-99311
19895	10295	-97372
22050	10007	-95217
25713	13263	-93134
13479	12354	-105656
29927	11611	-101418
37995	7589	-91697
37277	4141	-95169
42137	9696	-91410
42281	10654	-88441
49536	7661	-86071
55306	2394	-83006
59950	6081	-84084
65289	8188	-75848
55784	5506	-80133
61076	-1244	-74818
70006	-1747	-65672
76494	3782	-65888
79774	8858	-61411
82695	10199	-55832
82671	-215	-58035
82121	-5865	-50038
88202	502	-46878
86143	9528	-46112
98305	-10965	-48171
86789	-5386	-39288
85401	-7852	-32656
106182	4644	-21212
105368	5386	-25905
94307	2298	-21428
94379	23	-29568
92799	-2585	-19991
103812	-2154	-10151
105033	2777	-8164
98425	5841	-8930
96246	-4740	-12808
97827	-4094	-6512
99239	-3950	4118
99383	-359	4644
97348	-2873	7326
95768	-4046	9552
100748	-5219	15562
101921	-7829	24229
97779	-5243	23104
92871	-3926	27365
90668	-4357	36391
89112	-7278	40749
87603	-12617	41228
83342	-10414	43023
81570	-8307	44268
80277	-7326	58250
76734	-9121	58226
73861	-12880	56120
73980	-13072	69790
71945	-10223	68785
67947	-12066	71754
65433	-12401	71969
63015	-10199	75297
58011	-8595	78625
53941	-10366	84180
50469	-11252	83413
46902	-11516	82983
41467	-9528	90500
40174	-7278	90333
34452	-8882	90883
32010	-12066	90093
28874	-12952	90668
35266	-13431	86382
21883	-9145	97515
19656	-11779	93756
15729	-11635	94211
9935	-10079	96414
6655	-8307	100029
2418	-11851	95049
-933	-11779	91434
-1604	-12904	95887
-6775	-7996	99718
-10749	-8810	105392
-12186	-8858	94786
-10821	-9552	91410
-13359	-11540	92080
-16400	-11061	91362
-23942	-1699	103214
-28227	-790	105392
-24708	-5698	89854
-25378	-7805	86406
-28299	-7374	90859
-40078	-7517	94858
-43454	-8714	91051
-43478	-5841	82863
-43095	-3423	78697
-45896	-6200	80924
-58442	-9002	83485
-56167	-3806	80038
-56694	-4285	74244
-57053	-4213	70820
-61842	-6679	74411
-62368	-8451	72687
-66510	-5985	70964
-66319	-4285	70581
-71802	-5195	65385
-68138	-7685	61602
-69120	-6177	64284
-74866	-2633	65170
-72616	-3208	62105
-72879	-1484	61171
-77596	-6200	58466
-77428	-7110	56622
-78242	-5674	50541
-86358	-2442	53127
-89184	-3327	43143
-82097	-8283	47381
-82025	-8571	41898
-85329	-6607	39624
-91314	-10127	38259
-92535	-12090	37134
-90189	-11779	34955
-89136	-9552	30813
-89327	-4165	30238
-90716	-6799	28874
-93493	-10175	25665
-95600	-11683	22792
-94547	-10821	19943
-94427	-3591	20374
-95792	-7829	17956
-91554	-11133	13958
-94092	-7661	12856
-93756	-4141	11061
-92559	-2825	8044
-93278	-5913	6320
-92344	-12330	4668
-92990	-9528	1173
-99311	-9888	-1915
-91673	-7589	-2633
-105009	-11971	-5363
-89399	-8619	-6943
-95217	-5458	-7062
-95672	-5099	-9911
-99263	-6392	-16184
-99526	-5578	-16472
-79559	-4644	-20733
-95792	-10797	-21092
-94499	-3974	-27700
-91985	-5051	-27988
-100939	-6488	-29161
-96917	-7350	-30789
-92057	-7110	-34620
-86885	-5339	-37684
-87651	-1244	-35458
-87508	-3495	-37732
-90189	-670	-40773
-92679	-1484	-41898
-87795	-2322	-41970
-83366	-2322	-44029
-84275	-3687	-42329
-88465	1771	-44244
-88441	718	-49129
-80325	-2657	-51810
-78625	-5602	-50852
-78218	-1915	-53725
-82001	-430	-52337
-85856	-1508	-56167
-79679	-6272	-58921
-69575	-3711	-59615
-73478	-526	-60094
-79295	766	-60788
-77787	2130	-62177
-73406	47	-63901
-67636	-3591	-68689
-70413	-1580	-68905
-76111	-3567	-74531
-77667	-3902	-75513
-70197	71	-74435
-62297	1963	-75130
-54707	-2178	-74028
-61578	-1771	-73861
-62823	-3375	-75082
-64020	-2585	-75704
-58394	4213	-77763
-54994	4165	-78050
-60190	-1843	-83222
-56718	-6392	-81163
-53510	-5793	-81067
-51858	-622	-83509
-51523	3878	-83461
-57412	5626	-82959
-51810	2442	-86334
-45920	-1747	-82216
-71873	-1364	-84635
-53558	2825	-86287
-57676	574	-89279
-48889	6344	-90237
-43574	8499	-89878
-45801	6105	-88226
-47596	5458	-89638
-38762	1053	-93589
-35936	-814	-92464
-29520	-215	-89495
-35673	3208	-91003
-38977	1436	-92344
-31651	1580	-97515
-26288	335	-94283
-27485	143	-91602
-29281	885	-94116
-28467	2082	-96175
-32273	4381	-97132
-29209	2777	-97827
-25043	502	-96390
-20039	4477	-93661
-21404	4429	-93589
-20638	2035	-96701
-19728	-3974	-98569
-18674	71	-96653
-14484	3184	-97803
-14077	5913	-98593
-15586	4548	-98880
-20039	-1412	-103237
-13335	-1244	-102783
-6895	-119	-97707
-4788	2944	-97587
-10510	1460	-100317
-14867	-1963	-101442
-6943	-3232	-100388
598	-981	-98617
-3303	7230	-97755
-10773	6081	-99191
1292	1628	-99718
6248	-1819	-98736
1843	-2825	-97898
-2896	-502	-100029
-2130	-1101	-101585
7206	-718	-98234
15921	-1675	-98904
7924	3256	-99072
5674	-1340	-100149
8547	-4692	-101346
13623	-766	-98976
12210	3088	-98042
9816	2322	-101346
10869	-4189	-100580
16903	-5746	-100173
18650	-1891	-100101
20494	263	-100197
13263	1364	-99838
13383	-263	-100843
18914	-2178	-98641
19680	-383	-98569
19512	454	-98305
15083	407	-99407
12832	-2035	-103621
15921	-2466	-106518
21021	694	-103932
19776	3088	-101035
13239	-718	-101825
11971	-5650	-99694
11516	-5099	-98808
5219	-1723	-97755
5889	-885	-96270
3184	-574	-97994
2226	-2298	-100293
1580	-622	-100197
-2657	-2322	-99359
430	-3615	-97827
191	-2250	-100053
-550	-646	-100245
-2729	-143	-97922
-8355	-1628	-99550
-12018	-5003	-101753
-11061	-3423	-101035
-5123	-1508	-99598
-6129	598	-98449
-12258	-933	-99622
-16376	-3375	-101633
-12401	-3782	-99239
-13886	-4955	-98042
-17262	-6775	-98210
-25713	-5554	-98114
-26862	-2106	-99072
-28227	-1939	-92918
-25713	-1436	-90285
-32010	-2825	-89998
-35290	-718	-92392
-33854	1987	-94403
-33638	1340	-91865
-38786	-502	-90955
-46160	47	-90309
-45992	-478	-92464
-41611	-1101	-92033
-44244	-1244	-90405
-46806	-766	-85281
-51642	-3040	-87795
-54037	-1867	-87388
-50948	-1268	-86454
-50733	933	-84299
-53749	-215	-81618
-57963	-1747	-83102
-60285	191	-77763
-61339	-526	-74675
-61387	191	-74100
-61650	622	-71347
-63853	1484	-70389
-67947	4764	-69695
-67420	3615	-70221
-73430	1460	-67420
-74052	407	-67396
-72783	407	-66343
-74459	790	-64906
-77165	718	-61530
-76734	-694	-57939
-78098	-2202	-57293
-82599	1388	-53630
-79032	3208	-52768
-80038	2466	-49583
-81402	2801	-46662
-85856	4453	-45106
-90596	3782	-46208
-88202	4189	-46375
-85927	4740	-45465
-87651	7589	-41299
-87627	7062	-34141
-90045	3256	-37134
-95121	1244	-36439
-96677	2992	-34763
-93972	7206	-29712
-91243	5817	-25306
-91027	1939	-31818
-91195	4429	-24947
-92057	6057	-23223
-97252	5913	-19249
-99622	7326	-14484
-95337	8379	-13311
-93709	8978	-10606
-96222	6368	-11444
-92440	9911	-6919
-99215	9121	-1508
-103932	7110	1221
-99742	7326	430
-96462	10103	5051
-92655	6823	7445
-96941	5195	12425
-98401	8523	15873
-93972	5602	13455
-88369	7062	13694
-91410	1723	20781
-92631	3591	27748
-91075	11540	26671
-89112	17190	31052
-88489	14580	32321
-87053	12713	32968
-87939	11755	37229
-88274	8188	38043
-84706	11468	44149
-87460	14173	46758
-86047	9504	42042
-87077	11444	45226
-79511	7541	48386
-76734	7781	46615
-76734	7469	53701
-79966	4836	54611
-77189	4932	57197
-77667	5003	56838
-78912	5386	63805
-78841	5003	62249
-73597	2561	58466
-69623	4788	56910
-70581	4860	62560
-68426	6057	66726
-66534	3375	67133
-66965	71	66534
-66774	2178	67372
-66151	4118	73478
-65792	6392	74339
-62033	8882	71179
-60549	6607	72999
-59567	4189	75680
-59615	4477	75896
-60333	2992	78673
-56431	4788	79846
-53773	4572	77332
-50254	5865	78769
-51786	1795	85042
-50254	5626	82791
-46710	7374	81115
-46615	6631	82025
-44220	6344	84299
-43598	6751	90716
-41515	7876	88369
-37708	9241	86933
-36343	6009	88513
-35936	5913	87915
-35529	6775	88872
-34931	6991	90524
-33830	7900	90500
-30885	6224	92224
-30837	6177	90261
-30262	7158	92033
-28993	7326	91865
-27317	5793	91817
-22816	5147	93493
-21739	6727	89926
-21116	10534	93613
-19584	11635	98521
-17262	8882	100628
-14844	8714	99335
-15753	7326	98401
-14221	9864	95648
-14628	12042	95049
-13096	10678	94020
-12401	8738	93804
-12641	7565	96629
-13742	8810	95456
-12162	7900	98114
-13790	9744	98832
-11180	7158	97420
-12521	7685	94044
-11180	8834	96653
-10917	6727	97994
-9528	8092	94355
-9576	7637	94116
-7924	6703	95193
-6895	6679	96366
-8355	5506	99431
-6320	4501	99622
-7805	6344	96199
-6799	3854	95217
-8092	4908	96151
-5075	7302	96031
-3471	3495	96965
-1675	454	98186
-1891	1795	98234
-1125	6033	97946
-1412	5841	98114
-1053	263	97922
-335	-981	96318
-933	143	96510
95	263	98186
2442	-71	98210
4261	359	100724
5243	-4812	102232
4189	-4261	99167
1963	-263	91745
2442	-407	90859
4572	-742	93972
7302	-4453	99431
8451	-5386	100676
7158	-8307	97252
5482	-10055	95289
5698	-7278	94714
6129	-8714	97444
6033	-8738	97204
6033	-12952	98832
8236	-12497	97827
6272	-13168	95385
6368	-15083	97300
7661	-11276	96749
8068	-9576	96031
7757	-10582	95792
6679	-10414	90021
4213	-14628	96606
8978	-12425	99886
3591	-10606	98042
5339	-8762	93709
3280	-9624	91219
1532	-9935	96893
3160	-9935	101705
4333	-10103	101107
3280	-5602	96677
5147	-2801	89998
-143	-3375	93732
4644	-5386	98569
4453	-4860	98856
3327	-3663	96534
5003	-3830	97707
5291	-5554	94187
5674	-5195	97036
5626	-3160	97707
8643	-2154	96079
11492	-3639	98425
11420	-6464	101562
8116	-5219	96390
9481	-6296	96294
12162	-1173	98210
10893	-1723	94930
11420	-2801	98545
11779	-6919	100149
8427	-7254	96893
12401	-6416	98090
11156	-6416	95408
11420	-4548	91865
9457	-3950	94211
11731	-3663	96989
13407	-5075	95337
11516	-7182	96893
9768	-8427	96175
11300	-4955	96797
14580	287	98832
13455	-4405	95121
14077	-5339	96558
13646	-5386	96342
12497	-3974	95552
27174	-5770	95169
11851	-1556	94331
13862	-574	94235
12401	-2729	95217
14293	-2466	96965
13455	-4429	93709
13024	-3711	95648
15275	-6296	97683
18722	-4381	99862
19105	-430	98665
19273	2705	96079
16112	4716	93110
15969	1675	92009
17645	-215	96270
18531	1460	98066
17022	3974	97683
18219	2705	93421
19464	2226	95145
20039	1771	96007
17812	2011	95815
19081	4764	97731
19297	3184	93852
19081	5554	95959
19895	1125	94762
17884	3327	93996
16519	6344	96606
17621	5554	97731
13934	7374	94834
13503	5219	96151
12785	5027	95289
11372	6224	93613
13575	2489	98186
10510	5913	97683
9433	5913	95576
11899	5027	96294
9074	7086	97396
8858	7134	93780
10127	6153	92823
11540	7015	93756
10845	6919	96941
12617	6320	99981
9672	7900	98114
9097	6368	94858
9600	6057	95456
8427	5913	94140
9959	5650	96222
12138	4836	102950
9983	7733	99215
9026	6631	96773
9289	5650	95241
9241	9265	95504
9528	7876	95528
11683	8499	97803
12880	7757	99646
9002	5434	97827
5937	8595	95552
3854	11372	92488
6033	9433	93565
8667	6943	98497
8571	6057	100939
5722	11013	100819
3016	10941	97707
2178	11468	93924
2801	11037	94283
3208	9145	96366
2657	11683	99910
-359	16567	96414
-2178	15155	94523
-2561	14030	94020
-4548	15346	94092
-6368	14293	94092
-6105	13646	95025
-7924	15442	96629
-10223	16663	96821
-12282	17190	95193
-13575	18243	91650
-15155	17956	93780
-17142	17190	93732
-18243	19632	96318
-19919	22505	93709
-19057	22697	89519
-21260	22026	88489
-21954	22122	90261
-23080	23630	92511
-24157	26096	91937
-24181	26767	89950
-24588	26599	90141
-25258	28562	89471
-26791	32968	88154
-26024	33494	86574
-27509	32920	84754
-26575	32513	86646
-27581	33877	87675
-29735	37588	83988
-30693	39193	82145
-31675	42329	77524
-33494	40845	81881
-34284	40126	80924
-36367	40198	80205
-36511	40653	78290
-35122	46423	74004
-37948	46016	75297
-37804	42856	76973
-42066	44603	73621
-41467	53462	71083
-35553	54037	70341
-41012	55330	69862
-41635	50661	72568
-47477	63542	64547
-44915	68450	55665
-46112	61100	57005
-45968	57891	60405
-48171	65170	56646
-49057	66726	53558
-47907	66079	50421
-52289	61363	50661
-51116	67037	50613
-51595	70485	50948
-53223	66247	48650
-51978	64332	45058
-54276	68402	43837
-56024	71059	43646
-53462	69383	37110
-56407	67205	37852
-57412	64475	38522
-55928	68186	34237
-57365	70126	31531
-58179	67612	33542
-58203	70820	32728
-58418	69671	29735
-57005	70221	23367
-58586	71419	25881
-58035	74699	23774
-59543	76087	23702
-59639	77500	21595
-58993	75848	18794
-58107	70389	17070
-58418	72280	15466
-59232	75058	15634
-59471	75656	15490
-62943	73621	15586
-63542	72735	19536
-61507	73478	12401
-61315	76183	10630
-62967	73549	9959
-61626	71012	10726
-63302	75106	10414
-62321	76039	5937
-62823	72209	7134
-63709	73047	6823
-61578	70940	4477
-63494	74507	4118
-63733	74076	5147
-62033	73430	2777
-62225	75465	1699
-62225	74507	766
-63470	74172	2011
-62392	72975	1436
-62488	74316	-119
-62752	75752	-2801
-62081	75417	-1747
-60525	74100	-3830
-60693	73597	-718
-61842	73358	-4477
-60645	75010	-9696
-61650	77093	-12856
-60860	78218	-9888
-64404	75465	-11444
-60597	69575	-16735
-39480	91195	-73885
-58657	71323	-27365
-62728	65289	-28658
-62656	68545	-27964
-61602	71826	-33590
-58634	68857	-37612
-60381	64811	-39719
-61219	66343	-35913
-57843	62536	-40007
-57987	66319	-43909
-58969	66822	-43694
-60525	64595	-43382
-59208	64882	-45848
-58179	64020	-47572
-55234	62345	-50469
-55665	60956	-50565
-56311	59902	-50206
-56263	59376	-50924
-56431	60357	-54420
-57532	56910	-55282
-56551	53773	-56287
-54372	54085	-57700
-54587	53223	-59376
-53342	56407	-62799
-51211	51116	-62440
-57125	34452	-65433
-52193	51666	-66798
-49296	50565	-74148
-46902	48769	-74914
-47907	46974	-74746
-45082	42688	-75058
-42377	40078	-78745
-43239	40390	-83988
-41898	36296	-84826
-39504	33662	-84706
-36966	28706	-84275
-39624	25833	-87292
-39887	25594	-88130
-38211	24181	-89447
-34548	19081	-88346
-34021	19153	-91697
-35529	18363	-90620
-35601	17166	-93158
-35122	14460	-92296
-30047	11324	-92248
-29879	10007	-91362
-29400	7062	-91602
-29424	8188	-95241
-27246	8595	-98210
-26839	7254	-99814
-25641	2753	-98760
-21452	335	-95576
-18794	-2106	-97851
-18483	-2346	-96222
-21930	1244	-96558
-21715	-1508	-100819
-14796	-2633	-99072
-15227	-6751	-95193
-12904	-8858	-96917
-9768	-9816	-102759
-8116	-8882	-100748
-11851	-11444	-100795
-9935	-11085	-101250
-8762	-13646	-99072
-4189	-16256	-97300
-2944	-16065	-99335
-6129	-14221	-96462
-4740	-14508	-96917
-1053	-16184	-101466
-1221	-14484	-100771
-215	-16400	-103142
742	-19009	-99981
2035	-18746	-97970
1029	-23056	-95241
-957	-20374	-97611
1675	-21787	-99790
4070	-22266	-99503
2825	-21045	-99167
694	-24133	-95432
430	-22529	-94451
1244	-23391	-99048
2011	-23127	-100436
1197	-20254	-98617
23	-21308	-98042
1149	-20997	-98066
454	-21619	-97491
1460	-18004	-98665
-2035	-14844	-97444
-3375	-12138	-99239
-3423	-12521	-100748
-1556	-11659	-102064
-3734	-6248	-100508
-6392	-2992	-99574
-8954	-957	-97755
-8810	957	-100125
-9911	2082	-103237
-10366	6631	-105153
-14317	9169	-100748
-18100	12234	-97635
-20733	13790	-95025
-21835	15466	-90620
-24708	18411	-94810
-26384	19704	-94762
-29568	23989	-93278
-31842	25953	-88034
-34644	31268	-83030
-37995	32154	-83940
-36583	36152	-85616
-36607	37541	-87891
-40246	39624	-83174
-40964	41970	-80493
-41778	43574	-75824
-42449	44580	-74507
-42329	47836	-77811
-44053	49559	-76398
-47429	50781	-69623
-47189	53175	-67684
-47979	54061	-65912
-47620	55401	-65218
-49488	56048	-66989
-49775	56263	-63853
-50924	58969	-58777
-50397	60046	-60094
-51044	60836	-58969
-51427	62009	-56958
-52624	63111	-54300
-51547	65098	-54013
-52337	66774	-53366
-52337	67444	-47644
-52696	66079	-44388
-54228	67588	-41659
-54372	69192	-42808
-53127	70748	-43861
-53534	72352	-43382
-54515	71514	-38666
-54132	72807	-34763
-53558	73166	-32776
-55330	73262	-28850
-54731	74459	-30095
-53749	77069	-31579
-53965	75273	-27246
-54396	77452	-24229
-55713	77524	-20614
-54252	76590	-21763
-54779	79176	-21452
-54061	82384	-16615
-53342	81642	-13407
-53893	82097	-12210
-54827	79750	-12090
-53510	80660	-8164
-54324	81714	-7158
-53606	84036	-4189
-52504	79822	47
-51810	80277	-167
-51642	82025	694
-51235	81929	4285
-51714	80588	6320
-53199	80947	6584
-49296	83366	10031
-49536	86167	9361
-48626	85999	9672
-48769	79822	13383
-48722	81450	15298
-48530	83605	17405
-49200	84228	18028
-47884	81690	21906
-44891	82169	21404
-45801	82432	23894
-46160	79272	26743
-45801	81809	26431
-46088	80660	28203
-43981	78146	29759
-44340	78936	34045
-44101	78457	36415
-44867	75273	35314
-42185	77691	33518
-41323	80804	36990
-41012	79056	42305
-41084	76255	44005
-40222	73094	41395
-41467	78194	42305
-38426	76542	45274
-36750	76686	48602
-34907	76470	49368
-35529	74196	50685
-35051	71730	52648
-33638	74363	54300
-33327	73861	58681
-32417	70605	55425
-31962	70245	52361
-29640	69934	57077
-29640	68450	63254
-27198	71155	61626
-29448	70964	61219
-27916	64020	61530
-23918	64739	63853
-23247	63494	71969
-22864	65553	70796
-25282	62656	71012
-20015	63470	69360
-18148	59663	71466
-18387	61100	77380
-20685	59328	79176
-18004	59711	74531
-15777	55306	72951
-15897	54659	78242
-10342	53223	79894
-11420	55617	78577
-13120	51618	79726
-12976	49727	78960
-11037	50589	83102
-9648	50326	82935
-12569	47141	80014
-11516	49440	83557
-6009	48841	82456
-5530	47572	84060
-5363	44268	88034
-6177	43502	88896
-7398	42951	86095
-8475	39288	85257
-4141	36439	90548
-7206	32561	87986
-1436	35410	89902
-8547	35314	90021
-6224	35769	90237
2154	37373	91697
1723	33542	92631
742	27916	94690
1244	23606	90692
670	23008	90237
4046	24899	91338
6344	29113	98353
6081	28443	97659
6895	22218	93517
3687	13742	94403
3830	16160	93325
3639	20207	92009
7829	21116	94068
8236	18746	99311
13431	12425	100029
11228	14820	93397
7637	18052	90452
10079	13934	92895
11324	11923	96462
10606	7182	96749
11276	6631	97228
11396	7182	98784
9648	7541	96390
6823	1484	94044
7326	-550	94642
10055	359	96582
8547	-1508	98712
8403	-3327	97707
6823	-6272	95073
7206	-5698	94882
8643	-1364	95720
10247	-7230	97420
9888	-7757	98856
5793	-11492	95815
10893	-11444	91793
13503	-13024	95624
14030	-10534	103573
11492	-13479	100077
9959	-18004	100556
14245	-15777	93804
3639	-25522	89902
15490	-14891	96175
13670	-13263	96031
12162	-16974	97372
11468	-20877	97013
12449	-20973	93852
13479	-16663	95049
13287	-15753	87220
14221	-20901	93373
17046	-22816	92272
16400	-22409	94379
19536	-23654	97348
18674	-23654	92990
16615	-25187	89519
19488	-23463	90189
21021	-23080	91817
21619	-23726	89399
22337	-28395	90572
24468	-31364	88154
26599	-32848	88178
28203	-29855	87292
29640	-30358	87340
30645	-33758	85856
32656	-37277	86191
35721	-37229	87603
35841	-38283	87579
36152	-37565	83749
36966	-38642	81139
36870	-38666	80445
37493	-37732	78960
37158	-39384	79774
38450	-42209	80564
40198	-46016	77117
42329	-44867	76782
43574	-43909	75848
43742	-43766	76901
44316	-47261	74507
44388	-49943	71754
45513	-48171	70581
48338	-50158	71634
48674	-53294	69144
46543	-53366	66175
45753	-51595	65529
49703	-55186	65625
48745	-56072	62512
50493	-59543	61028
52504	-59424	61578
53055	-59064	59112
52816	-59855	58226
53630	-63087	55760
52504	-65241	53606
54922	-65313	52480
52097	-61794	49655
53294	-64308	46136
55856	-68138	47237
58562	-66989	44532
56096	-66894	41299
57101	-66486	39767
56407	-68402	40270
58681	-70078	38546
57987	-73334	39432
60788	-72640	27916
61123	-71083	26503
61339	-73789	27222
63470	-77763	26048
62081	-75393	24684
60693	-72640	22577
60956	-73645	19823
60980	-74124	17717
61650	-74004	18626
62297	-71969	20614
63470	-76039	17070
63302	-75608	14987
62057	-76422	10007
65122	-77763	8116
61602	-75369	9433
60860	-74699	9313
60693	-74723	4070
64667	-77500	5099
65241	-79343	2681
63542	-76351	909
61698	-77069	-335
59831	-76327	-3112
63685	-77045	-4381
62225	-75034	-7613
63518	-76901	-13455
61866	-76638	-16998
60908	-77117	-18363
58586	-75776	-18914
61267	-76183	-17357
62225	-76877	-20135
60285	-73861	-26192
58897	-70700	-26791
58681	-75944	-27341
51595	-70365	-34835
56982	-71634	-38450
59471	-73382	-38762
57293	-72831	-39719
55186	-69264	-41419
53270	-67779	-42784
54013	-66582	-45872
57101	-69048	-49727
55808	-67253	-49943
53678	-65505	-51547
55521	-65960	-51523
55138	-65529	-52480
53151	-64284	-55210
52409	-62129	-56311
51786	-56431	-57293
51858	-58418	-60118
54132	-61147	-62536
54228	-59376	-64236
51020	-55976	-62704
51116	-55282	-64475
51786	-56598	-65601
52073	-55784	-67133
51642	-52840	-65960
49392	-52385	-67013
48698	-52935	-69144
48674	-49871	-69168
48769	-52385	-73262
50493	-53366	-74914
48219	-48961	-71514
47548	-48314	-71897
48506	-47333	-71969
48099	-47189	-71945
49751	-46926	-73693
50038	-49224	-73885
48722	-46782	-72999
50685	-47333	-73310
50350	-50661	-71490
50206	-49200	-71921
51618	-51810	-71059
52121	-51331	-70078
51786	-51140	-63206
54252	-58250	-59495
54659	-58035	-58753
55976	-59256	-56096
60309	-60477	-55880
57700	-61818	-54492
56982	-64260	-53414
56766	-62775	-50828
58753	-63326	-47237
61387	-66127	-45418
62608	-69360	-44915
63015	-66726	-44196
60190	-65289	-42377
60884	-66175	-39360
61123	-68569	-37995
64212	-70605	-34356
66079	-67372	-33997
64978	-68881	-33423
63326	-65912	-29759
63326	-66295	-28036
65457	-71730	-21260
67827	-73621	-18267
68210	-71802	-17956
66151	-67133	-16472
69623	-74052	-10917
67684	-72927	-7996
68043	-70126	-6153
68857	-70988	-1221
69527	-72759	3208
67803	-68689	4453
69168	-71179	5937
68857	-71849	7972
68881	-70868	9074
69862	-68593	14676
68761	-70557	17860
68569	-71802	21954
68138	-63685	24396
66247	-72664	25713
66774	-63182	27820
67372	-67157	30789
67971	-63518	34261
66606	-66870	37205
62991	-63829	38881
63039	-56886	41084
63566	-62464	45106
62033	-57676	47764
63518	-65289	49344
59567	-59088	53941
57819	-55330	54372
57748	-53941	55210
59735	-53414	58490
60812	-55330	63589
58586	-50230	61171
57149	-46064	65265
55545	-41084	68857
52863	-42975	68833
51858	-42066	70102
51786	-41515	74196
51259	-38929	73525
49033	-37445	73047
48338	-37493	75034
48769	-37756	72999
47357	-34500	80205
44771	-33183	79990
40438	-30526	79679
42161	-34141	76925
43263	-33710	78074
42712	-34739	87412
37421	-30980	87579
36942	-29305	87196
36104	-29089	86885
35697	-29975	86119
30717	-28155	93732
27844	-25450	85233
25737	-21619	85113
26623	-23774	88513
24612	-26048	95241
23654	-25665	93589
19752	-23606	89878
16256	-18698	86670
18148	-18004	92224
18722	-20231	98856
18483	-22625	98473
13168	-35841	100245
13335	-18722	86287
12066	-14772	93445
10749	-17190	97779
10247	-18219	100748
8140	-15682	95289
5291	-13551	96582
5602	-14963	92416
2059	-19105	96797
1077	-18171	97228
-861	-17262	100269
-6344	-10007	94187
-6320	-14939	94235
-5985	-15538	91793
-8403	-15490	92703
-12497	-16807	98832
-14987	-14556	94930
-16543	-18626	92440
-17908	-18459	91530
-18890	-17764	94187
-21140	-18842	97132
-27341	-31292	95672
-24803	-27916	84395
-26551	-21883	89423
-31220	-18602	94930
-33447	-22697	92775
-33901	-25450	84156
-35290	-25378	80205
-35769	-25546	75944
-42640	-25067	84778
-47884	-30286	84443
-45274	-31794	77859
-46303	-29759	75273
-47572	-33399	74316
-51714	-30358	80397
-55832	-32010	80109
-56000	-37110	73980
-50469	-16855	76662
-49847	-38091	63206
-55306	-33830	69838
-62297	-39288	73932
-59567	-40940	70245
-55713	-39240	63494
-51475	-38115	61507
-64834	-30909	72472
-68426	-37110	72807
-61674	-40198	64930
-53582	-41180	55138
-56383	-43957	56455
-63853	-36511	61028
-75249	-36152	70126
-69910	-42664	59783
-61411	-46279	48243
-57484	-51020	42616
-70964	-48195	46998
-78290	-40031	60285
-75728	-41395	54611
-69264	-40821	44484
-67372	-49655	37924
-79152	-41635	47788
-78984	-42544	46160
-72352	-44460	40246
-75728	-39552	37349
-73980	-46399	27868
-77165	-38738	34117
-73406	-43119	44412
-81570	-44675	46232
-72257	-47070	30334
-71730	-50757	22050
-73909	-74675	25019
-80828	-42592	32872
-77979	-60764	34404
-83629	-29592	29281
-76997	-47907	22242
-78266	-54228	19967
-80229	-57987	19321
-82743	-56072	22673
-70940	-51211	12449
-75273	-45465	4596
-80684	-53989	9768
-80349	-54252	15083
-83533	-58562	11156
-78434	-54851	9983
-76973	-50852	8714
-75824	-50565	4668
-77715	-58274	4261
-77811	-59184	2513
-75537	-51714	-4141
-81546	-59160	-9050
-76877	-63422	-5841
-72544	-59136	-8092
-79750	-63015	-17669
-81929	-58418	-14652
-74387	-50685	-12018
-75465	-58777	-14365
-74890	-57269	-13192
-72280	-61961	-24756
-80181	-49751	-9409
-78865	-59376	-18626
-77213	-53654	-15586
-73047	-54946	-26815
-68929	-59136	-31699
-68450	-62919	-34452
-75656	-58945	-31651
-75513	-60549	-33782
-71993	-53773	-31866
-65505	-54037	-36463
-64954	-57843	-40653
-66295	-60285	-42568
-73501	-57053	-37684
-69551	-52792	-36200
-66534	-55569	-46519
-63278	-55880	-48722
-62512	-52385	-48554
-60884	-52002	-47788
-70006	-54970	-53199
-66271	-58035	-54085
-62680	-46351	-52361
-65074	-48314	-55377
-70078	-44340	-49224
-65026	-59232	-70796
-57748	-43382	-59663
-57125	-45010	-60190
-60166	-39528	-61938
-62871	-49296	-72065
-61459	-46926	-73118
-64068	-40964	-58825
-59926	-37253	-63542
-50182	-34284	-70820
-63661	-44244	-70844
-57652	-42568	-72855
-55737	-35075	-66558
-56503	-36200	-70389
-53175	-35889	-71610
-49943	-32944	-75106
-50110	-40438	-84395
-53630	-33447	-83030
-54444	-32752	-79032
-48698	-30717	-78817
-42904	-32130	-82623
-46423	-30861	-84730
-46519	-30262	-85089
-46208	-28658	-80852
-39624	-26551	-83773
-59400	-28826	-83294
-42568	-27461	-87388
-44053	-28826	-87364
-38977	-22936	-86765
-34596	-22553	-82001
-41730	-27653	-84204
-33973	-23965	-88082
-37110	-25522	-90189
-35122	-24205	-90740
-35458	-24372	-85018
-33686	-23702	-90692
-33470	-24085	-89974
-31866	-21404	-96007
-31435	-23199	-96103
-26862	-18626	-93996
-24396	-18722	-92942
-23558	-17190	-96749
-24588	-18076	-98234
-25187	-16711	-96629
-21404	-14460	-94187
-23606	-15322	-93685
-24612	-15466	-94403
-18459	-13527	-99119
-18938	-14030	-96534
-20326	-13311	-97156
-20590	-13120	-98090
-19129	-15801	-100508
-14652	-11851	-98808
-16831	-13527	-96462
-19201	-12880	-96294
-17884	-14101	-96079
-18842	-15203	-98521
-18052	-15634	-103357
-16328	-13072	-89902
-16855	-18602	-99646
-24636	-22649	-99287
-22792	-16855	-99167
-28538	-167	-102280
-24133	-18674	-97587
-20159	-25498	-94594
-32465	-29903	-88561
-35649	-27269	-94068
-29065	-26024	-89758
-30693	-23678	-98904
-28706	-28467	-95289
-31435	-37924	-79224
-38235	-40653	-85089
-43957	-36559	-75800
-43933	-39719	-79798
-41802	-36798	-76159
-43287	-41659	-75465
-52049	-40270	-78505
-50709	-37828	-69982
-52073	-40964	-73214
-52409	-50326	-72687
-53893	-48267	-68761
-61123	-45130	-63206
-65361	-48913	-55737
-63422	-47620	-50852
-63422	-52648	-51906
-66151	-59376	-47477
-69599	-50757	-44915
-72975	-54180	-39695
-72759	-52002	-34452
-71179	-54803	-35338
-72113	-55856	-35146
-74675	-54085	-31244
-73047	-55952	-30550
-73118	-59591	-29448
-75608	-56167	-28419
-75561	-58634	-25977
-75297	-56191	-24061
-73956	-55114	-22026
-75273	-58035	-19416
-78960	-60716	-18052
-77045	-58586	-15562
-78074	-56886	-14030
-77883	-53869	-9648
-77811	-56215	-10486
-78649	-64763	-8475
-77380	-62847	-4405
-74746	-58442	646
-73597	-55066	359
-77931	-56958	8523
-76231	-60094	7733
-76590	-59974	13862
-76422	-58610	18890
-75728	-55545	22840
-74268	-54372	26120
-75058	-55569	30454
-73214	-53318	35482
-72664	-53606	36798
-70796	-54515	39624
-67229	-50948	41395
-65888	-50685	49368
-64763	-50397	50493
-65864	-50637	54659
-62704	-49799	55138
-57843	-46327	58298
-55497	-43502	63159
-56862	-44819	67133
-55090	-43718	66965
-53725	-42832	68545
-51116	-39504	68857
-46806	-38905	67875
-46112	-33447	76638
-47141	-37301	83126
-41994	-34404	80947
-39552	-32321	79128
-38043	-31986	81354
-37828	-28993	80876
-33590	-27533	87220
-31890	-28203	88609
-29017	-23175	91769
-29759	-23391	91769
-27700	-23463	88010
-26695	-22673	89878
-25881	-21811	91673
-24779	-21547	91219
-21404	-19464	89614
-18794	-17070	92272
-17525	-20326	93804
-17908	-14532	93637
-14030	-16831	92751
-12306	-13527	94451
-10342	-11683	96941
-5817	-14604	100340
-4740	-15777	99550
-6919	8475	98688
-1484	-13239	92559
287	-1197	104099
5770	-5937	100891
3639	5099	100005
1005	10917	94930
1699	7062	92248
3040	10917	92416
2011	16927	96151
-383	27102	98952
1412	22457	95145
2681	18986	92296
6631	20997	94451
10055	20661	95935
9840	17190	94858
12042	18770	97563
16448	18243	101705
16400	23104	97324
16208	17022	94523
13168	16591	89423
13718	29664	86741
11994	30190	91243
19464	30238	90429
20326	30119	93445
23870	29903	94427
25402	32225	90069
24708	33423	87915
28850	33925	93158
27796	36487	86550
28730	34093	87268
32513	32393	85353
32920	31866	82623
36727	34500	85832
35984	35218	84156
37205	35601	80756
44819	36128	82121
39863	36727	79463
43143	37349	78984
43789	37588	75537
36631	37181	75896
49105	39983	76566
55330	35601	69575
51140	38474	72616
51379	43478	72137
55425	42784	68641
60022	45250	67396
58610	44053	63637
58107	42856	64092
57891	44436	59352
59160	49607	59088
67205	50972	55066
64667	48722	53534
64571	47357	51858
63661	48075	51235
67301	49392	49176
71155	52289	44101
71466	55282	41874
75225	52672	41299
72879	49823	41706
74148	51044	41036
76494	51547	36942
75082	47333	34165
78146	50948	37181
77715	47405	30430
75106	50230	29544
80732	52935	27629
83629	50397	23894
77117	56766	25091
81953	55545	21284
81259	54611	19632
78721	51355	17741
78697	50493	19081
83940	53055	15658
84419	55306	12018
82336	53438	9864
81283	51571	8092
81235	52744	6177
86215	56670	3471
81546	53462	3734
80157	48841	1771
83964	51140	-4357
85089	51068	-3543
83054	53438	-6775
84515	53390	-8762
84036	51738	-10199
82959	52217	-12162
84084	52241	-14341
83940	51283	-16280
78410	53270	-17022
82983	51259	-18650
82671	50493	-20015
82240	52337	-24301
81043	51164	-23774
79607	48626	-24349
81139	48506	-25354
83844	50110	-30286
84228	50469	-32082
80947	50469	-32656
80469	48482	-32824
76973	48458	-35146
78721	47117	-37110
80373	48530	-39240
78122	48650	-42880
76303	47405	-43598
75489	44771	-45418
73789	42928	-46567
73765	45537	-48889
76614	47668	-52121
75944	46519	-57173
68282	43502	-56982
61243	41012	-55234
61123	41012	-57604
63494	41276	-59591
63422	39121	-61219
66008	38905	-64380
62871	37972	-65361
63518	38307	-68833
59112	42209	-74244
58155	39169	-73621
54635	43430	-73980
60453	39911	-73669
58107	38259	-76039
56167	37636	-74268
53917	37421	-79391
55066	40270	-78410
49799	32585	-78505
53175	33590	-73956
45633	30693	-82097
44819	31459	-82743
48745	32034	-83581
49105	29113	-85760
43119	29352	-87891
43478	26695	-85496
43335	23295	-84419
41371	23822	-86765
42975	21691	-85616
37972	22481	-89303
38379	23271	-88226
36272	24061	-89303
35625	25713	-94116
33758	23199	-92200
30765	16304	-90955
34859	17621	-90381
32537	19201	-90740
32154	21068	-96917
29831	12856	-91673
27796	13718	-93421
27868	17166	-97036
24013	13934	-96151
25426	13982	-96845
21284	10486	-96342
19009	10079	-96222
20087	10893	-96366
19991	11109	-100101
19608	10462	-101442
18507	9002	-100245
16615	10319	-97755
16160	8954	-99526
12306	6560	-97156
11420	7206	-95456
12258	6727	-99981
10199	7350	-98090
7517	4525	-95624
4070	5698	-99359
3519	5554	-101466
1484	3303	-97587
5722	790	-96606
4788	2801	-99119
-622	3711	-100724
-1556	2968	-100388
-1005	-359	-98928
47	3112	-101777
-1149	2322	-103333
-4740	574	-99167
-2777	-3280	-96079
-5841	-933	-98928
-7110	-1268	-100053
-5267	383	-103070
-5171	-3280	-97444
-9768	-4620	-97898
-11133	-3711	-99383
-10510	-2753	-99215
-14628	-7350	-97587
-13168	-6943	-98521
-13215	-6751	-98880
-10582	-7206	-96845
-14221	-7398	-97372
-15490	-8571	-97252
-14484	-9313	-98210
-14006	-9552	-97515
-10893	-7781	-100388
-11396	-7445	-98425
-10654	-7589	-99335
-10654	-7110	-99311
-9313	-6344	-99550
-7302	-7015	-98186
-4141	-5865	-98449
-5506	-6775	-98449
-5363	-5075	-99766
-4429	-2154	-100867
-2154	-2011	-100508
-239	-1292	-99215
-1963	-4668	-97563
-1340	-3854	-97611
1364	1939	-102735
6655	909	-101083
7206	-71	-99957
9457	-1580	-96677
10821	-239	-94954
13479	5554	-99790
19081	7757	-98904
21787	6655	-99574
24181	6488	-97803
23008	6272	-97970
26048	8858	-96821
32321	11563	-97300
31028	6129	-92488
32896	7254	-94451
33590	9864	-88896
41156	10989	-90405
43670	9528	-90716
45082	10055	-89016
49488	12018	-87675
54372	13407	-84539
56215	10941	-82240
56958	12042	-81642
54372	13862	-83150
58681	10845	-76782
66127	16256	-78074
67253	13096	-72951
64547	12378	-73717
72376	12545	-67205
74914	14939	-70533
82599	11324	-63709
78865	13479	-65672
87699	12928	-56958
69934	19823	-61459
85065	18507	-53797
85353	17980	-51211
83557	18650	-50445
81905	19440	-50828
85473	20614	-49081
87101	19847	-44939
89495	23008	-43550
88058	22505	-38905
87867	24325	-38905
90836	22625	-34332
92966	24540	-37876
89662	24564	-34715
91219	24420	-29783
93828	24492	-23415
94762	24109	-22744
93517	23582	-23511
94451	24564	-20542
95361	24660	-16496
94499	23678	-15107
97156	23750	-11923
97060	24061	-11013
97874	27054	-6200
97013	26001	-3232
93565	26695	-3208
93900	26647	-1197
93230	28491	383
95744	30669	6655
92966	29759	7781
92727	30621	14628
96653	33375	13599
92248	32249	16017
91027	28945	21859
90476	26144	21356
89184	26671	25091
89399	29640	25617
91123	33063	29712
89207	33063	30502
87795	31459	32920
85329	30071	34141
86143	32441	36774
85113	33231	40821
85161	33399	46902
79535	27461	52648
79080	31148	46279
78122	33614	49536
76853	34931	49727
75680	33447	53917
71514	31531	52289
71275	34380	55880
70174	34620	54731
69527	35769	57293
66510	34404	54539
66582	36894	63805
68641	40031	70605
65433	39217	64260
60453	36032	66917
59807	36343	64140
57149	34859	67181
57245	36750	69288
58035	38402	69958
56742	39528	71442
51523	38307	70628
53055	39647	78553
50182	41347	78865
53869	41635	78745
43885	36391	79463
42616	35936	80014
38426	35960	79607
36822	36822	79846
40246	39360	77428
31723	38977	81905
29544	39791	84491
28299	37660	84563
23846	35051	84012
26862	36511	83246
24037	39097	83701
24588	36248	91554
22457	38690	87077
23127	36128	92057
25905	37636	88800
25187	35362	86215
22601	34476	90548
21691	34380	87819
23032	34763	86358
20733	28514	92607
15825	28203	91841
15251	26384	91673
16208	28251	90452
15538	29951	91985
15131	29999	92368
13335	28131	91506
11611	28323	93828
10007	26479	93517
7326	25689	93062
5865	24636	92128
4022	23343	92511
3495	23894	98760
-1101	22960	98425
-837	23056	95480
-3303	21332	93278
-5602	20398	92128
-8523	20829	82121
-10414	18962	95145
-11635	17166	93302
-16687	21164	105440
-15131	18914	91578
-19081	17693	93445
-21260	16591	91769
-22744	16615	91410
-23582	15011	91410
-29161	11875	91386
-28203	13000	90476
-27389	11061	89710
-29352	10247	93685
-32393	7206	94140
-33111	8619	94307
-29520	5937	90883
-29544	4955	90429
-27748	5602	90788
-28706	4932	92248
-30262	119	95241
-28802	0	94906
-29089	-3471	94547
-28634	-4381	93421
-25450	-5075	89998
-28874	-7565	92559
-28993	-8619	93541
-26910	-9457	90548
-29257	-12785	92080
-31244	-13359	92607
-29783	-16065	89686
-33423	-17262	100891
-25474	-17286	87148
-25761	-22122	89998
-27820	-24085	93110
-28155	-28586	92559
-25426	-27365	90045
-23367	-27222	88154
-24301	-29759	106470
-24947	-27916	89016
-25306	-27509	89136
-26216	-33877	87125
-24277	-36846	85185
-23942	-39408	86598
-32058	-42233	86287
-17812	-37349	83485
-21643	-38355	84156
-17381	-42353	86239
-14772	-44580	88705
-14796	-42832	87915
-13599	-41611	83844
-11276	-45872	86071
-13144	-48219	86574
-11468	-47692	82887
-7565	-39743	83390
-7829	-42473	86071
-8738	-48123	86765
-3950	-47046	86765
239	-48506	83916
-71	-48793	86622
2681	-51834	82791
5171	-50876	81402
5123	-50924	87077
7685	-52935	82504
6751	-54468	79846
13527	-48698	76111
5793	-54803	73932
9840	-50350	79846
9504	-52720	77643
13814	-54348	78865
16974	-57317	77356
15849	-54563	78386
18076	-53749	76686
21811	-56263	77620
23511	-56814	75704
27102	-57867	75369
28969	-58538	73501
31866	-56838	74459
32848	-59304	72640
35194	-58681	72352
41491	-56934	70269
41060	-56934	70581
41347	-59663	67037
41371	-55880	67468
44939	-56167	70796
47788	-51116	67277
47812	-55449	70724
46974	-53821	65241
48530	-55377	66056
52600	-52672	64236
54444	-54204	61961
51954	-53438	60453
51379	-53941	56790
54851	-52145	59160
61698	-57939	40892
59328	-49799	58011
62297	-47955	59256
61842	-46136	58969
60716	-46279	59687
67612	-45489	56144
67420	-43478	57101
68929	-34476	58562
66870	-47165	57317
68186	-44508	61459
72951	-38833	58059
73094	-31794	59232
71538	-62201	51547
74100	-22625	58179
80971	-21930	58083
75058	-23989	59088
77931	-21140	58203
80349	-19105	57580
78098	-18698	55784
79846	-17381	52863
80062	-15634	55641
82073	-19943	57987
81809	-13503	55497
82767	-9313	57389
81953	-7757	54061
82647	-4357	53247
78888	-6991	55641
79559	-598	54563
80756	3351	55138
82288	7948	54492
79104	5817	55066
78050	6607	53749
80445	8092	55760
77069	12066	55258
80804	16208	58035
80325	15753	57484
78960	15586	54180
79918	18124	55617
75225	18363	57796
75561	19871	62177
76279	24372	60429
74459	24947	58610
73214	30526	59974
70652	31938	61578
69192	33997	61866
65744	36583	61315
66199	39983	60238
65241	42090	62680
62153	43885	62153
59376	43981	61578
55665	44603	59998
57843	53199	64978
58681	51307	65792
53390	51116	63733
47524	53366	63542
47213	56982	62249
50541	58370	63781
45250	60716	60980
42544	59376	61411
40222	59759	61554
39504	63135	62752
38498	64188	60884
35960	64906	63039
33255	64906	62345
33375	65864	62919
31986	69479	64811
29735	67899	63853
29664	68378	63182
26527	67779	64236
24636	66630	62105
22840	69743	64020
22194	71658	63973
22673	71131	65409
19871	69288	64212
18722	71227	65696
16903	71682	65672
16543	72664	65816
13814	71107	66247
11971	66965	63087
10965	73047	66439
9241	71035	64332
6200	70221	65194
3854	69455	66678
3184	72089	65265
2873	71419	65912
0	69144	63613
-3447	65960	70748
-6943	68426	67779
-7541	68402	67277
-8259	68833	65553
-10390	69288	66630
-11611	70245	65122
-15442	71012	66127
-16615	68881	65241
-17956	68282	66463
-20111	69479	65696
-21930	68569	64499
-23558	67899	64116
-26527	68833	64475
-28658	64595	65098
-28969	64882	64451
-28395	69790	61147
-29281	65194	62799
-30885	66295	64763
-32704	63494	64739
-35745	62416	65505
-32537	62991	63087
-36056	63039	64212
-36320	63949	63637
-39959	59950	67133
-40294	60022	65936
-39767	60405	65122
-41611	56574	68186
-41204	51283	64020
-41778	53869	64906
-47022	54492	64332
-45992	51068	67779
-43191	52983	68210
-44196	55665	68091
-46950	48458	67444
-45058	48578	70461
-39073	50278	70988
-41252	42999	68857
-49344	45585	70006
-48506	44675	73358
-46303	39815	71682
-53079	41012	72113
-46950	38187	72257
-53965	37181	70078
-50924	37636	73813
-52959	31364	70988
-55784	30262	74100
-57149	25905	75944
-55808	28754	79032
-44891	14365	70509
-54013	25091	69814
-54539	21284	75465
-53342	17812	75417
-56167	16256	82647
-52361	16376	80971
-56574	14077	80229
-51595	9457	80708
-52241	5674	80924
-52600	3040	80086
-52840	2489	83366
-53414	-2489	79966
-51834	-1101	83198
-49105	-5602	82025
-49536	-8619	82025
-45513	-9624	83054
-44603	-11300	86406
-42305	-19225	81043
-46639	-22481	88537
-40246	-22864	87172
-36320	-24205	86837
-34835	-25546	86670
-32800	-30214	86598
-32034	-34979	85951
-26815	-35146	83413
-25354	-38594	81283
-24875	-42951	81570
-24684	-46471	82049
-26168	-47165	83485
-23271	-46615	81738
-19464	-46327	81618
-15011	-49392	78457
-13287	-52409	78457
-15322	-57221	80756
-9816	-60381	77189
-2011	-60980	75058
-790	-61459	77979
1939	-60860	72783
3806	-61674	69048
4788	-63374	70796
3734	-64739	78912
21045	-65816	73597
12976	-54132	74363
17381	-68450	71538
30166	-54922	69024
26264	-64906	68234
28036	-61195	70461
30358	-62009	72903
30406	-64068	74699
36918	-59304	72783
39456	-56144	67899
41036	-54875	67899
44843	-54755	66630
42664	-52145	68138
47237	-51116	75632
49033	-47931	70485
54372	-43311	68210
54922	-46255	64595
56144	-47788	63877
59663	-44244	64260
61435	-45250	66941
62775	-40845	64906
69695	-41874	65553
76614	-20326	62799
65672	-39264	59878
72113	-32489	53821
75968	-19369	58083
70892	-36966	61770
79343	-29927	59519
78601	-26551	57077
76327	-23223	53917
77117	-19608	52648
77452	-17980	54587
78769	-17788	56551
81163	-15466	58346
78936	-9720	56910
79822	-7541	57197
80493	-6177	57604
75465	-4525	56311
74196	-7422	60046
79702	239	60525
79966	4022	60693
76207	10055	60788
75082	7110	61650
71586	12378	61554
74531	11013	62704
76494	2801	65744
71059	15897	68234
70413	26216	65720
69934	25570	67875
67827	26216	61626
63637	21068	69910
62536	8164	66917
63733	36607	68162
62895	40150	67516
60262	33063	68091
57915	32154	72017
55377	34332	72951
54731	37517	68474
56694	43981	71730
51235	47165	71059
48075	41922	71682
47261	40462	74196
46639	44292	75537
45178	43263	76063
46878	55545	71442
41802	47596	74579
38714	47357	76135
34907	46926	76207
39432	41730	79248
34763	50709	78481
33854	52863	74938
30310	50541	77500
26934	48434	76279
24444	48434	80349
23558	49823	80995
21523	50278	78601
20446	50709	78625
18339	51762	80493
15203	50661	82719
13886	52049	81690
13239	52768	80995
10773	51475	80445
9528	51642	80253
7230	51666	81570
6009	51259	79774
4932	52026	81115
2537	51499	79080
1675	54468	79774
-47	55210	80373
383	52265	79846
-1149	49392	79583
-2896	53223	82240
-4788	53079	84060
-5913	56287	85233
-5770	53462	83964
-6655	50038	83749
-10486	49655	82480
-13120	50589	82743
-16352	49871	82552
-16663	49009	83868
-18794	47764	83390
-20039	45896	82240
-22697	44196	83653
-23750	43382	81283
-26815	43311	82983
-28443	40198	81785
-29113	37756	83174
-31411	34045	81115
-33016	32920	83437
-35362	34117	85353
-34883	31148	84108
-36846	27317	81857
-38570	25210	82815
-40198	23989	87939
-40031	21571	83653
-42185	18148	83629
-44436	16065	85018
-44220	16424	84874
-42353	12425	83725
-41515	13144	83988
-41204	11156	83485
-42209	9193	84970
-42114	12401	88465
-42066	3471	86119
-45106	2322	89016
-40342	742	85760
-41491	-2346	89734
-44460	-6536	82097
-38977	-4285	85401
-41347	-8595	87843
-39647	-12114	87316
-43502	-14077	88250
-37565	-16065	87005
-38977	-26048	81402
-38690	-27030	87699
-35649	-25306	84802
-36607	-31124	83078
-36128	-33255	83868
-34787	-35529	81666
-34691	-35386	85185
-31723	-37086	82360
-31531	-40892	82647
-31435	-42137	80493
-24396	-44819	80086
-29376	-40773	82240
-26886	-43574	83677
-25594	-51547	80133
-21045	-51595	80157
-18722	-50278	80876
-14891	-43646	87675
-13215	-48698	81187
-10414	-49847	82767
-5530	-53175	82025
-2753	-52552	82815
694	-53318	82719
4309	-51786	82528
6033	-51116	81522
8667	-51499	80109
11851	-52145	80756
16184	-51690	78888
20446	-52002	81139
20877	-53007	81091
24516	-50733	78769
25522	-52026	77883
28874	-51810	77548
32728	-51116	77284
33782	-49512	77548
35673	-49129	76662
36248	-47141	76398
37828	-48291	75896
42185	-47955	74914
43502	-46782	73549
45010	-45609	74938
47357	-44316	73693
46327	-43622	72664
47596	-39791	76518
48530	-37134	73358
51786	-35266	76183
52792	-33351	77093
50900	-33566	73094
51930	-30358	76901
53606	-29305	77093
53797	-27820	75177
56167	-27126	73310
55665	-25665	72687
59519	-23223	76015
62225	-19871	77213
60381	-15873	74818
61578	-15658	77045
60070	-16998	75632
60788	-14748	72927
61243	-10342	74268
62464	-5793	76111
64811	-1819	76351
63566	-1197	74363
61794	-215	74675
62943	3950	80804
59687	6560	77596
58825	10055	77236
58466	12162	77213
57005	13527	74603
53773	18171	82743
52911	21356	79798
51834	22960	77572
54276	23295	79080
49057	27078	80277
47453	29879	79583
44292	29903	79487
43622	26623	79415
43143	26360	81426
40629	27772	83342
39576	28036	83892
37325	29927	84180
37086	30214	82216
36320	29137	86885
34668	30142	87484
32848	29592	87939
31172	29209	86670
28945	28083	86789
26743	28155	87436
26671	28491	87388
26072	28467	91841
25617	26120	89806
24540	25665	90117
23271	27102	92080
21404	27653	91290
20039	26791	91793
18746	25713	91003
16639	24660	89950
15538	24995	89399
14389	24468	91362
14460	25115	92607
13838	25905	94714
14317	26455	93828
13551	24085	92655
12641	25833	92871
11923	24349	93852
10773	24349	92799
12066	15777	96893
9528	22984	95504
10486	19249	95815
5458	20207	90189
8451	21116	95456
3184	31340	96797
-3399	35841	72137
-263	25522	87986
-71	21571	97108
-3734	24779	92799
-3208	20757	92272
-5913	20183	92823
-7445	20111	93637
-9026	21380	98066
-10558	17693	104123
-15538	16448	97731
-13024	15131	93110
-15921	13383	95504
-17884	12904	95432
-20374	11803	95049
-22840	12114	91410
-24756	7062	90883
-25115	11133	93493
-26408	7326	94714
-28538	9768	90405
-30526	7493	90596
-31507	3591	92775
-34069	7924	94475
-34691	7134	87603
-36822	6224	87268
-40462	4381	87316
-41276	3184	87986
-41515	3734	88226
-42521	4501	85712
-45418	7134	86526
-48626	3974	85616
-51523	3232	85113
-54085	1101	82408
-55138	-119	80636
-55880	742	77572
-56359	1029	77021
-58298	1221	76518
-61650	1628	76662
-64044	119	73621
-65433	1699	71802
-68210	4213	72759
-70150	2082	70916
-71083	1963	68905
-70796	2274	62967
-72640	287	60262
-74339	1197	60429
-76183	6033	58514
-79032	6009	58538
-80517	5530	55330
-81714	4141	51810
-82001	7972	48913
-81115	16136	45681
-81546	14700	41778
-86933	12904	40438
-89016	16879	40438
-85880	17717	36296
-86885	20422	33686
-85808	22984	29640
-86981	24516	29209
-89160	22912	29448
-89854	21404	28562
-89495	23151	25043
-88513	22505	21523
-87962	24756	19752
-92176	28993	19416
-88274	32656	17429
-86071	35577	14245
-88585	31842	14197
-85018	37636	9385
-84658	39145	5626
-87196	38522	8906
-88800	48003	6344
-84611	43454	2944
-85281	43622	-191
-83533	44196	-7062
-82192	50781	-1915
-81905	54922	-2537
-83629	53893	-4333
-79056	51523	-5889
-79798	50254	-7254
-80253	58322	-11923
-73334	64643	-5195
-73310	68402	-8930
-69551	66774	-9552
-68426	66486	-7972
-64978	62033	-10989
-63542	68258	-8140
-65912	75249	-11180
-64116	79032	-11276
-60022	75106	-9816
-54492	77021	-11875
-50445	77955	-8140
-47381	85975	-7829
-44987	82911	-6703
-44053	86789	-4716
-49176	79224	-8259
-49943	85113	-7398
-43598	83892	-7038
-43885	90309	-1819
-39624	95073	1005
-38570	96318	5913
-36439	90596	3663
-35266	87579	4716
-33614	91362	8906
-29712	93613	10893
-29305	93876	10199
-24253	86861	11947
-24923	86310	14844
-19967	92464	23678
-19033	89543	16831
-17812	87125	22050
-14628	92655	27246
-15107	96510	24923
-15011	92296	26623
-14963	85401	28634
-11228	89255	30837
-13072	94283	24923
-11085	93182	31435
-10893	96917	32513
-8834	96366	30717
-7445	95169	30885
-9528	91434	30933
-9648	91195	33135
-7062	89591	35003
-8667	87005	34500
-8858	92559	35984
-10366	90405	38474
-8714	87005	37181
-11611	83557	39073
-5051	90237	40462
0	90405	37948
3303	89088	38690
1221	90764	39815
-574	87196	42880
-957	85927	40222
1795	89136	37110
1436	95169	39959
-3711	89902	43646
-7948	85999	44843
-8643	88705	45394
-9433	86454	42544
-10151	87077	43981
-13551	86382	42137
-16472	83892	41563
-22697	84156	45729
-24756	86478	50876
-26024	84108	48075
-30190	80924	47931
-29759	75752	44412
-36128	76710	45992
-41180	78434	46567
-46830	75177	48602
-44771	69096	46734
-44029	64404	46232
-44651	64691	45250
-50804	73885	48314
-53366	69934	45968
-53175	59519	46447
-55665	59112	47213
-53318	65026	49200
-55306	68282	47046
-58801	64236	48530
-63398	54635	48267
-66103	64643	48075
-63757	59831	43909
-63182	61866	40126
-65696	59184	38331
-63709	54731	35841
-67348	54180	35146
-72304	61076	33830
-73478	58945	29712
-72807	54180	25354
-69455	53318	25641
-75584	64356	24349
-73334	62201	18555
-70533	53917	18076
-75489	50781	18267
-76422	60333	15394
-75106	65361	10773
-74770	67612	12234
-73262	54659	6775
-76686	57029	6129
-78721	57149	3495
-81235	62991	4860
-80469	58849	-1292
-76710	56048	-3423
-75034	52792	-5291
-72999	53223	-6320
-79679	61626	-10223
-78721	59064	-10630
-74316	56407	-14006
-74938	55713	-16974
-71634	58107	-22385
-71490	61770	-24636
-74603	60262	-26767
-73430	56574	-27030
-69479	54061	-28802
-68402	58849	-33590
-65601	63494	-37301
-66151	64116	-39097
-65241	62823	-39312
-59735	62129	-41323
-58226	66079	-43933
-54707	65170	-47165
-53989	64667	-44651
-55138	62799	-50685
-54492	61794	-49943
-47788	65960	-55425
-44268	63613	-55497
-43981	63398	-59064
-43718	64906	-60453
-39815	68426	-61938
-37325	72280	-65170
-33949	63781	-61722
-34356	63254	-64092
-31579	71203	-64858
-29831	75106	-63709
-23343	71371	-59687
-24803	65505	-60333
-26503	74244	-63350
-25019	81163	-64044
-19464	81809	-58657
-18866	69407	-56503
-15658	77667	-56072
-15753	76542	-54994
-19680	86382	-58945
-17405	85473	-56311
-10007	84323	-55713
-9097	87101	-52241
-13790	68905	-51020
-10127	83461	-47261
-6823	85113	-44699
-7852	88393	-43478
550	86047	-38522
3016	80181	-36152
598	94570	-37397
2609	96031	-39169
-2298	89016	-35027
-502	87268	-30358
-1149	97420	-31244
6488	102711	-29041
8236	102016	-25187
12497	96438	-26743
6536	87172	-20997
6105	98784	-21763
7302	102711	-22098
11492	95408	-19177
5075	92727	-12952
12785	93637	-11587
9026	95887	-14604
12904	106398	-12832
10127	94810	-8379
6057	98641	-6847
622	94762	-3256
-311	97084	215
-2178	97300	2130
5554	93613	2274
814	94116	10175
-3375	97467	11947
-502	98641	14221
-407	88346	14341
-3758	92488	17764
-933	99957	21068
-7182	107092	24061
-6224	100628	22744
-3327	87986	23535
-4022	85640	26599
-8020	97204	28945
-12018	95672	27485
-16376	89136	25187
-11851	84802	28275
-16424	96127	34476
-23104	91626	33566
-22816	91578	30765
-25306	87891	33854
-31052	84826	38905
-39719	88489	39743
-39815	84299	36607
-37038	79583	35529
-40342	75584	33566
-54875	82767	38929
-61554	76805	39145
-58226	72927	34859
-55306	63637	30550
-57843	62632	28323
-72999	74890	31052
-70724	72041	25474
-66391	66391	22290
-64858	61004	23487
-70652	59519	16998
-77620	58849	15418
-78362	62775	12832
-79918	59998	9361
-73047	49847	8690
-79966	53749	6607
-81881	43047	1292
-78098	48291	-1484
-86023	43406	-3232
-84730	43358	-13575
-85018	44292	-9337
-91554	43598	-18243
-88010	43550	-17238
-80181	44149	-19823
-75273	49895	-23367
-79870	47572	-17597
-85425	48865	-22122
-79056	50900	-28395
-75848	48985	-25498
-72137	51259	-24516
-70772	40581	-34548
-79942	48793	-37493
-68689	47213	-44101
-75513	49105	-45298
-62560	48530	-44699
-70365	63015	-50493
-59831	59184	-47644
-56646	53151	-50421
-55521	56335	-53342
-55928	64571	-56742
-52026	66271	-57484
-38091	70485	-52121
-32944	72280	-47046
-35673	80014	-57652
-36870	82360	-57915
-30406	72065	-58586
-29352	72185	-55138
-15179	72879	-46303
-12952	88250	-41970
-14796	91697	-45633
-9145	86310	-44771
-17956	76566	-42808
-8427	85975	-39695
-3327	89136	-33518
-143	91027	-31675
-2968	104794	-35649
-8882	99910	-34237
-6105	90692	-31316
-3256	99167	-26910
23	102400	-23199
4381	92583	-22577
-1292	92847	-18674
71	93876	-23127
1604	104937	-19632
957	102304	-16280
766	93972	-17381
909	92033	-16352
5219	97635	-16112
3926	104506	-12330
2274	94834	-15394
-1987	97683	-15562
3351	99263	-17573
6631	104674	-16687
6943	97228	-12449
2489	92080	-10989
-4213	96079	-12162
-5147	100245	-11563
-5195	98712	-10438
-3639	99790	-12737
-4022	94523	-8786
-6847	98856	-8834
-13263	101873	-10678
-20231	95624	-9600
-17908	93924	-7709
-21475	99622	-6536
-22361	100077	-4596
-25258	92009	-3399
-29257	88537	-5195
-35960	91554	1556
-38187	85449	4501
-45082	92296	742
-41730	89543	2753
-42928	80540	6799
-50326	78529	7972
-55545	85784	12521
-59041	82623	16065
-54348	78122	14939
-57293	69623	19153
-63709	65361	22529
-68138	63829	26503
-73166	73047	33710
-64475	64691	26695
-68593	59543	30789
-68905	54492	30645
-73717	51259	32944
-73932	43861	36727
-76351	37158	41156
-73885	36894	41778
-76877	37541	41898
-78481	34596	38762
-80828	30023	41539
-79990	25330	43095
-78577	22122	42664
-82599	17118	46279
-86813	21045	46878
-78841	13263	44939
-76877	9097	44125
-75106	6560	48817
-85089	4884	54707
-86382	6009	59926
-71227	3878	59160
-68665	3854	61507
-72113	-1580	60142
-76518	-2202	58394
-79200	-12066	64284
-68617	-12832	62728
-62273	-10893	67947
-63613	-4955	62416
-59304	-17453	68210
-57939	-16448	69838
-50972	-18914	71083
-46495	-19249	77715
-52097	-18507	80852
-45274	-19201	84539
-33327	-20518	86670
-32297	-22337	89399
-29281	-28275	92057
-25402	-26001	89495
-23582	-24109	87819
-16903	-31459	92033
-7876	-33710	89088
-4189	-37804	86550
1699	-37325	89782
9481	-41276	86310
17118	-43574	80684
12114	-50062	88489
19680	-43646	89016
22936	-42353	86095
27796	-41898	86670
33231	-42568	79511
45178	-42329	79846
45322	-41635	88609
48434	-40701	80684
52840	-39288	78457
56910	-42137	91075
68522	-25761	70700
73262	-28179	67348
63542	-24468	60597
56072	-4381	44053
78912	-29257	77620
73909	-18722	64523
78817	-14772	52289
79391	-26288	47740
73310	-31292	50110
84826	-20590	47548
68953	-13910	42760
92320	-16879	37924
88322	-15873	32968
88417	-16304	40078
87172	-11683	39240
89447	-4668	36750
92200	-3926	35338
91865	-1340	41491
92847	-1556	34668
96893	2705	38786
100580	-12689	33303
121793	-10797	33638
89591	11540	19943
99072	15610	12425
90740	-2418	20446
93709	5722	10749
86957	20781	13527
95768	20350	13072
99550	36990	1005
77787	22026	20614
83581	19584	10989
89614	43670	10893
90979	44963	-550
96246	35721	2346
97731	33949	-718
89231	42066	-6272
88154	37517	-3734
86310	41730	-8499
89543	35482	-11276
88513	38881	-15370
89495	47668	-14628
92057	47572	-16615
89399	41252	-19871
80205	42856	-23750
82049	45346	-25474
82623	52552	-26910
84874	54037	-27246
82097	50613	-27629
72568	51738	-33494
75632	55545	-32656
75896	53390	-37804
82599	55330	-37995
82169	50733	-40964
75537	45513	-40414
71371	53366	-40892
75513	60645	-44244
65577	63326	-48075
57005	56431	-43047
65194	57389	-47788
61435	55856	-46255
70700	58993	-44412
62656	67420	-48171
54587	74339	-54085
50733	66439	-47907
49009	65601	-49607
42185	63302	-51906
39983	73693	-54348
40797	71562	-51595
39025	67253	-49105
43478	82456	-50900
29975	81307	-53175
29257	83629	-48841
24636	79655	-50182
23199	72304	-49583
25115	72568	-45058
32896	93062	-45585
18866	78481	-47884
19656	77620	-46255
20111	82935	-47596
16950	82312	-48243
27413	86454	-47620
33255	97851	-47692
14101	83150	-48554
11444	84036	-48769
13527	78505	-48003
21763	91626	-47141
13838	93493	-46591
10893	79918	-39815
4285	73501	-40845
14221	84587	-36415
23080	96007	-29807
16496	88202	-24875
2513	90955	-22601
13790	102950	-21835
12928	89519	-20326
11827	95073	-16496
12282	104387	-12737
15825	89638	-12378
20254	85832	-4261
18579	92368	670
9385	92655	2561
19153	94930	5027
23032	94211	8738
33949	98210	12976
20661	88920	9576
37110	83342	16663
36631	85496	19416
39935	85688	24732
34380	82288	25306
41563	86095	28993
45537	78074	29137
54731	81163	32704
57748	79367	33279
59304	78505	34596
59280	80086	36128
48051	67516	31052
61004	63302	33997
65696	69192	33590
77141	76375	42377
66510	71059	34596
72544	54946	32297
76111	58610	33399
80852	68450	36703
93110	59735	38474
88250	48913	32896
61961	37828	16304
82312	30430	19512
90452	44316	28874
100269	50350	31818
88800	44364	29400
75991	31411	18866
84012	27676	15634
91889	21906	15514
101969	19943	20877
102232	18579	23439
92464	23367	15418
79176	10582	8499
95887	9792	13599
109917	18339	21308
117938	3663	21356
101992	9840	10606
104746	16376	6129
80062	-8810	6655
101753	-7852	11827
101849	71	8044
105440	7972	13120
111928	10582	12449
94331	6895	3782
83629	-33758	5722
102040	3399	5099
104482	-1939	3711
102759	3758	5147
105967	8906	3519
98258	-3208	957
101059	-10845	9145
95576	-1556	2226
102136	14604	-837
87101	3327	-7661
94307	-13000	3998
99550	-9050	766
104219	-3711	-119
101729	3399	-5386
88202	550	-7805
92368	-8188	-2537
104650	-7015	837
107140	23630	-14077
97755	3351	-7876
94451	10271	-10199
101777	-6416	909
102639	11779	-9313
93972	17980	-18339
93254	18195	-18914
91673	19680	-19584
92631	19201	-16735
97060	24133	-22649
95744	33566	-33949
95241	31220	-31196
86933	27485	-37325
83198	32824	-38450
83653	26479	-38235
85353	47572	-55353
81378	53701	-55449
80445	37732	-46662
68043	42185	-50134
60453	36918	-52648
66247	53534	-57389
73454	60549	-58729
68905	49847	-53869
62656	38331	-48195
49703	35697	-49488
53247	82121	-70868
62081	62297	-60070
54420	53606	-63637
51355	51858	-62249
45681	54994	-63733
42592	70796	-63805
42521	61387	-66558
26551	60357	-62943
33303	52433	-62680
30597	60597	-65768
30190	86095	-72089
17597	66965	-67684
23630	62177	-68402
22984	62129	-54683
22697	64906	-46040
39360	107212	-58586
19656	81785	-54707
17429	74339	-50589
10055	75345	-49344
16376	82504	-41084
25689	99455	-44675
31842	78936	-38115
23271	90716	-29496
9528	86502	-30358
20111	98856	-29328
33207	88896	-20159
29640	87795	-19440
19680	97994	-20207
22026	94211	-20685
24157	86095	-13886
40438	84682	-9504
39001	97372	-10558
39169	97563	-10558
38067	73597	-8403
45082	80517	-5530
49200	83342	-1029
62584	92080	3854
64404	78936	2849
45226	53630	-1005
60716	65864	1197
71395	70940	6895
105704	67540	14556
92416	60597	12425
67324	55090	3806
73645	54994	5937
96294	51259	13215
109438	48793	17381
106541	50685	20638
86957	44388	11013
84611	30310	12186
84994	36535	9959
90692	29544	12761
111593	28371	21787
94092	33518	14652
85401	26288	12066
92033	29017	11947
96486	24947	11563
111067	19680	18171
83557	9409	11779
104267	6129	15897
90309	19345	9672
96989	20326	10582
109630	29783	12952
93254	9911	12473
101538	-13287	20494
99143	13623	13048
100628	14987	10654
102352	11061	7996
90045	2346	13455
103525	-119	18291
98449	10821	9792
103836	1484	10845
105488	9840	7326
97539	8116	5267
98736	-1221	12138
99096	-2609	10414
97611	3303	-1101
107930	24349	454
87627	6895	5650
85616	-17573	3782
100771	1771	-1651
100101	10510	-5985
97515	10869	-9097
96917	5961	-3088
103022	2489	5003
102759	6775	-3232
106446	16160	-13838
96294	9959	-11204
89950	13910	-17142
95480	14053	-11324
96917	17908	-18171
105775	24803	-29352
102519	20901	-26719
91482	18339	-30166
90045	14149	-27365
96653	21667	-34572
97515	34404	-52002
86310	25737	-42066
83366	25306	-41826
83677	21811	-41994
77739	23319	-46040
85999	49464	-64451
71538	29783	-49296
72616	36703	-47812
73765	36703	-49464
71897	37972	-52768
75201	49057	-58298
63063	41299	-49943
49871	46902	-55114
53366	43646	-56455
69216	54851	-57843
68833	54707	-61267
63637	47764	-68115
50278	43885	-54827
54037	41252	-50062
56431	58873	-47644
56335	81019	-54228
41515	65840	-51762
49847	47117	-46184
58897	47285	-40916
61339	86215	-49871
54228	81331	-42616
57412	54683	-36703
54204	43622	-31316
60238	68545	-28395
73932	96917	-27222
77931	76279	-16017
60956	53127	-20183
56790	45992	-16448
77643	73813	-16591
78505	75848	-12761
80588	54611	-9289
80995	52265	-7996
66103	47070	-5339
80157	63829	-4860
92607	56000	263
97587	32800	646
89279	45968	-2274
85640	34069	-311
97515	42568	5458
100460	28610	8307
96677	27653	6655
90812	23199	7733
83413	15705	2059
101825	15658	10510
103405	13958	10678
107643	10869	9050
101107	8954	16448
100005	5722	14796
96989	4740	14676
98281	2609	14341
102304	3375	14987
97444	-1149	17741
95097	-11204	20877
95073	-12952	21332
92320	-20039	18291
102160	-23846	23774
103118	-22768	21475
92272	-26503	25809
98784	-21188	30573
93924	-26168	24061
93804	-32944	36703
74387	-39576	30957
77260	-38379	25881
76063	-40366	39097
83222	-46519	51403
81331	-54970	50062
55258	-53007	40031
62440	-54132	43622
61961	-56982	50852
61195	-60405	57508
50038	-63542	60381
48171	-62560	58418
49009	-58346	58203
56239	-54420	50158
41323	-63494	64284
41276	-65505	67157
25833	-66510	65529
32345	-65553	66175
31100	-63901	71107
26982	-66534	70150
21691	-66894	70676
17286	-66630	68761
17908	-61435	69407
9576	-62057	65912
6392	-67181	76135
359	-69838	79822
143	-66798	77596
-3112	-61674	72185
-7469	-58945	72520
-12952	-60645	76111
-29616	-50469	88896
-16998	-56982	77596
-18842	-58514	74244
-22409	-57389	70341
-24827	-54276	72616
-29592	-57077	76015
-30597	-54444	76997
-29233	-53270	72448
-33590	-56407	73909
-37852	-47836	75465
-43406	-47572	77620
-40773	-41467	76159
-44460	-43598	73909
-46950	-39791	76829
-52337	-35913	76135
-54132	-34644	69383
-55090	-30095	68641
-58753	-30669	69048
-76782	-53725	61195
-65481	-26479	66702
-69264	-27437	64380
-67612	-22409	60118
-74555	-19847	60836
-78170	-21906	60285
-80684	-19560	59328
-75561	-14053	57628
-73118	-9528	57077
-76422	-4285	55760
-76542	-8140	55569
-78936	-7589	59184
-78290	-10342	53821
-72735	1077	63470
-71873	-3088	68162
-70174	5123	71083
-66463	9959	70628
-61339	14844	66750
-58155	11851	74220
-52026	9552	79487
-47046	16472	76734
-48123	27222	77021
-46902	24684	82240
-35769	23415	80133
-32273	25234	86717
-29568	28251	86143
-30765	27365	93828
-25019	24253	88441
-17669	22960	89351
-9983	26623	89112
-6895	22433	98114
-1077	26839	92559
5530	17717	95552
5793	23798	90285
12210	18219	96701
14963	19297	95863
17812	20159	96629
22337	18291	97898
21523	12425	88465
23391	11013	90381
28993	16783	89926
30885	6344	93804
34500	3112	94355
30693	11779	91769
40533	11396	88992
42449	17788	91482
37349	-8643	88609
42521	-5243	99694
35529	7110	90333
44723	20685	84682
35266	20590	84611
46758	22433	81067
38666	7589	83892
39647	18291	90213
40533	29640	84658
41922	33351	82169
36942	38738	81402
38690	38905	83725
31818	42544	76279
27269	43646	81666
24540	57987	80109
21930	64092	77596
22074	59687	71131
20877	61554	69072
18794	62775	69072
17597	69216	68761
14125	74411	66151
13551	77069	53462
7876	81211	48793
10247	76758	55042
9265	77811	52744
3471	90620	35577
6416	89399	41683
-4309	92535	29951
9481	88585	37660
2082	87340	26982
-4429	96222	9528
766	101562	20542
-8331	96797	359
-9457	101011	-1915
-4572	100364	6105
-5961	99167	-4237
-8690	95911	-8331
-10366	98401	-7757
-10773	93661	-8547
-8499	99886	-19153
-10127	93613	-32776
-11420	92871	-28083
-10869	92128	-37301
-11324	91219	-33063
-15945	87484	-37780
-15011	87484	-44268
-17884	85760	-42736
-14915	81618	-45537
-13479	79822	-47907
-9935	77859	-51283
-11827	77189	-54827
-17956	83868	-57245
-13407	83892	-58657
-10342	80445	-61315
-8259	72759	-59471
-8714	71634	-61123
-12378	70700	-70389
-7589	73693	-70509
-5195	67875	-72448
-2370	64380	-72759
-2657	61363	-73621
-2537	61722	-77476
2226	55210	-78457
3758	51235	-85927
598	57389	-91458
167	52624	-84874
2322	48674	-88154
2968	48961	-85209
478	51116	-88561
-9552	50206	-88992
-3734	46926	-79990
-1388	43335	-81354
-1699	46543	-82360
1556	49799	-83868
2753	44771	-88609
3232	43215	-87843
9481	41635	-86143
11133	38283	-86694
10821	38331	-97300
17046	29281	-99215
18602	26671	-97563
17070	30262	-89806
10917	36798	-88705
18459	30885	-92033
21332	26384	-94116
27629	28060	-92248
25905	22337	-88777
26886	26120	-93996
25881	23151	-96390
30597	26839	-91721
33231	21308	-90165
37062	20709	-91889
40988	16998	-97803
35913	16065	-91721
33303	20661	-94475
33063	17645	-98880
35027	19081	-75872
48578	7493	-93397
39959	5937	-92727
27724	6105	-92966
39169	1795	-94259
40677	-1077	-94570
36080	-1197	-92320
27916	1675	-95049
28562	-4740	-103836
34859	-12186	-99550
31651	-12785	-93373
26288	-11180	-95744
20614	-1651	-94307
19057	-12090	-97372
20015	-15921	-101011
9816	-11635	-102998
12952	-16232	-103214
14006	-18507	-94834
12473	-17741	-97659
9672	-18124	-90548
9289	-21859	-96869
5961	-26599	-97803
2035	-21308	-99263
-119	-24540	-98521
885	-16017	-94451
-526	-20590	-96773
-1436	-22625	-104075
-10726	-22673	-103812
-6368	-18579	-97779
-5602	-19680	-87029
-6440	-18363	-95744
-9911	-17501	-97204
-13287	-8858	-98545
-15514	-7517	-101466
-11587	-9074	-97563
-15442	-3447	-93278
-17932	1771	-93924
-23439	9672	-102256
-23606	10749	-100795
-18507	15322	-105153
-17717	17884	-95815
-16687	20518	-87747
-15394	31723	-90093
-20661	37301	-93780
-12018	44053	-94379
-8595	44005	-84371
-14221	47381	-87029
-7254	48147	-84778
-550	52792	-89974
-2753	51834	-92176
-2489	57867	-81833
12282	61866	-66870
8164	53247	-93469
14580	61770	-74603
12018	59974	-76398
18124	58945	-73549
22840	56335	-81283
24684	60166	-75465
29951	68905	-49799
29688	59041	-75225
34715	62823	-66343
36727	58681	-68210
30526	63518	-65744
41539	61530	-66606
41539	62656	-69216
45441	60166	-67564
43670	54108	-65625
42999	53127	-71802
41084	57796	-77236
44699	60238	-79272
44149	43191	-75920
47429	52145	-68929
43622	40246	-71849
41874	46543	-86358
39743	44627	-89662
46399	40294	-82959
46208	34045	-83964
38738	30286	-84419
32178	26791	-89351
33327	21763	-93732
34668	17741	-99838
31866	29281	-88010
24253	12545	-93661
22050	2513	-95983
23415	-4572	-103453
14820	18195	-103908
18243	1197	-97252
15107	-5410	-95720
16232	-13790	-102591
5099	-16950	-95313
742	-20398	-101657
-9600	-10989	-93158
-9337	-16256	-93397
-7709	-30909	-112240
-22242	-23247	-91219
-28562	-18698	-90261
-30334	-15658	-88753
-33159	-15777	-89160
-32609	-22218	-76183
-36056	-25402	-85065
-49320	-23199	-90213
-52456	-11372	-85951
-55090	-11563	-82073
-56335	-14724	-81235
-54731	-11109	-79822
-60022	-5051	-73765
-64715	502	-74866
-65912	10390	-71251
-77572	15418	-77883
-71347	9289	-75896
-69024	10414	-63254
-66319	21428	-62345
-74292	40414	-56072
-77691	40485	-65577
-79439	33542	-70628
-61483	36320	-55377
-62345	49751	-39624
-59615	51714	-46662
-64140	60381	-57460
-65218	51044	-69383
-52289	53247	-48722
-48817	67899	-43742
-49224	72257	-57412
-39240	69336	-64499
-36750	70724	-62704
-35793	71251	-55856
-35027	73861	-48985
-30454	73765	-56814
-23008	72568	-50996
-19416	77524	-55449
-15897	75513	-55162
-13934	75872	-55377
-11755	78410	-58634
-598	82863	-58370
5386	82504	-60166
5123	80109	-58274
6727	74148	-63039
12018	76039	-65625
18100	74555	-71275
28012	72975	-74770
31411	62823	-64475
22840	61100	-60405
14006	76829	-71251
41659	71682	-70964
44244	66678	-76111
43718	56215	-77189
40725	44843	-71012
32872	53582	-77715
43742	57891	-80804
46399	46423	-79942
46016	39983	-82121
36990	31435	-79918
36798	25306	-79176
40869	20973	-89830
41635	23391	-93948
35817	14915	-86478
38235	7781	-86957
44364	1604	-96653
40270	2992	-99239
35266	-1747	-93349
31268	-6177	-93110
29065	-1316	-93900
33901	-9528	-95337
31411	-5410	-110205
20302	-19919	-92847
15370	-22481	-97659
9050	-17190	-94475
10127	-17980	-100604
4285	-23439	-96941
-4381	-27964	-100293
-8906	-27102	-100628
-6129	-23989	-98569
-12114	-25833	-97731
-19847	-27198	-93373
-23918	-28251	-88681
-29017	-25282	-96031
-33375	-19704	-89279
-40102	-20590	-89782
-44220	-18459	-86694
-49368	-17836	-87196
-52433	-13790	-87532
-55521	-10510	-85353
-61818	-7086	-76686
-58370	-2920	-70485
-65122	0	-80660
-61195	-1915	-80397
-63757	5650	-78649
-69599	14915	-72376
-64739	24133	-66032
-65074	16998	-72520
-55114	19464	-80205
-59448	28036	-80852
-60908	37469	-69695
-51403	35458	-64451
-54611	47046	-68498
-55593	47716	-70724
-49847	50110	-68569
-46303	54755	-75225
-41778	56407	-68378
-44268	63015	-63589
-42856	65744	-64116
-33901	61363	-65888
-29041	137618	-40342
-26527	65672	-60621
-19177	63733	-62345
-16974	65960	-64499
-11803	69024	-70892
-11707	66463	-72903
-10342	70916	-73501
4836	65361	-76398
18842	64260	-94259
18842	56670	-88346
13239	57173	-86071
11899	58011	-82504
7230	56431	-80947
16807	56790	-86813
26479	48458	-88417
20566	51235	-91841
16017	49966	-83844
18842	48075	-86741
19943	49679	-88058
17381	50014	-92248
9935	56383	-72041
7086	52648	-78410
-598	60597	-70988
2537	62033	-80612
861	63566	-87532
-2657	60166	-79032
-4405	59232	-71682
-5315	62991	-74890
-9600	67492	-69719
-14077	63087	-58849
-14844	70006	-62153
-17501	69096	-59304
-16831	69240	-65098
-20757	72999	-63901
-19249	78721	-74627
-15610	72616	-72616
-17812	71131	-74914
-21954	65289	-72304
-28443	63111	-68569
-28898	65313	-73932
-27246	63230	-66726
-31986	62752	-63589
-30214	59615	-62105
-33997	62345	-66534
-20494	61435	-73885
-25378	57652	-73717
-18052	63230	-76782
-17381	57724	-75608
-12090	57317	-77907
-7015	50230	-75632
-5698	50230	-74435
-574	48410	-82408
-550	51666	-89926
6919	51259	-91243
7637	44340	-95480
7805	37445	-89231
14101	36727	-90381
18890	36080	-94594
14341	24444	-81378
11803	33303	-105751
20494	25043	-110013
16400	23080	-107739
17405	21763	-105009
14101	22194	-71993
7637	8307	-91554
12210	12665	-94379
17884	8164	-100867
12114	10223	-100484
11156	13814	-102759
9600	23199	-109893
11875	19201	-107092
-4237	19488	-95049
-6775	23008	-88417
-5099	27581	-93086
-9744	32776	-87627
-11109	37732	-92392
-13144	44077	-85712
-14389	49033	-85281
-16998	52983	-81618
-24277	50421	-82456
-28467	57077	-78098
-30334	57484	-69168
-29185	66199	-65241
-30454	66079	-64834
-39528	69312	-65433
-41491	68450	-65074
-47860	70724	-60860
-42353	64499	-50062
-44771	70772	-50278
-53414	75345	-53270
-51259	69264	-56383
-49631	63254	-58538
-55401	71993	-45657
-51140	82863	-37445
-52887	81498	-33159
-53989	62680	-25330
-62632	58705	-25282
-52720	56598	-17334
-68162	56120	-22960
-60740	72616	-19680
-56479	73310	-11659
-57460	71802	-12018
-60238	60645	-4812
-67277	72185	-2753
-64260	77428	-6129
-61507	89926	2537
-58107	76422	5482
-60309	76111	4429
-60477	76446	9050
-61554	73501	10582
-62440	76207	12665
-61171	72783	19800
-60932	69551	28107
-62440	67492	34237
-61602	66271	29472
-57029	73310	35386
-60046	66989	35936
-59878	64140	42592
-58035	64930	45441
-61650	57963	40797
-58298	56431	44795
-61076	53749	46998
-59974	55114	57484
-52073	51331	56335
-59974	49081	55449
-59424	44532	61004
-60860	43478	64164
-57173	42928	72687
-57772	38546	72113
-56574	30837	69647
-52241	30597	67348
-51211	28706	74938
-59759	25306	76542
-53701	24325	76087
-53797	23750	79487
-52576	23295	79655
-53270	14796	78912
-52672	6560	80253
-54013	9528	79798
-54994	6991	80995
-53606	6081	78960
-56958	-191	76805
-55880	-5985	80253
-55593	-8451	76973
-42784	-29400	80038
-54707	-16735	72496
-57317	-16424	80947
-53845	-20853	78745
-54827	-20231	83150
-50038	-24875	77596
-53055	-30645	72328
-52409	-33686	65098
-40126	-35984	67708
-51068	-39049	73166
-55018	-38905	76494
-48123	-42305	78146
-50565	-45130	68450
-52026	-47548	63781
-51978	-49943	60573
-52504	-49919	59902
-61842	-50062	74363
-54563	-53007	70078
-50804	-51978	62847
-54563	-54444	58370
-56958	-55928	56982
-53606	-60621	56551
-58011	-53414	63015
-40294	-55545	52002
-57604	-56694	53031
-46375	-64116	54755
-58011	-67061	49679
-59041	-64571	46279
-57197	-64212	44292
-54132	-59663	42305
-51714	-64475	39839
-51235	-70820	40701
-60525	-71035	44843
-56287	-66439	28299
-59807	-73262	32776
-60501	-73406	27772
-59088	-73980	23439
-59807	-75513	19608
-59950	-78050	20614
-60429	-76231	15442
-60285	-74579	12114
-62584	-75010	8595
-65529	-78314	9337
-55617	-81259	16304
-56527	-83222	9888
-59519	-75393	2537
-61578	-77476	-12234
-62464	-74675	-19081
-60525	-78505	-19608
-57221	-79272	-13527
-58825	-74627	-23750
-59160	-65768	-29520
-59998	-72687	-29616
-58155	-66175	-32944
-57580	-71802	-30238
-57412	-72161	-35529
-56910	-67660	-41347
-54683	-63997	-48410
-53893	-60980	-48554
-52792	-61985	-46567
-54108	-66486	-48362
-55880	-64547	-54396
-53031	-62033	-61363
-54468	-59831	-63589
-53582	-60477	-59088
-51786	-61818	-60764
-50996	-57891	-62536
-52026	-51307	-65313
-52145	-50134	-67779
-52624	-49033	-69120
-51403	-45561	-68641
-50158	-47381	-69671
-51283	-48482	-65553
-51307	-52193	-64356
-50613	-56958	-64882
-53151	-61028	-62392
-48865	-65002	-56287
-45681	-69886	-49919
-42736	-77260	-40797
-40557	-82360	-32010
-36535	-95887	-19105
-41323	-81331	-17501
-30262	-113341	-15083
-33542	-86909	-4070
-24923	-92296	11516
-27006	-92200	16184
-34572	-82121	23223
-34404	-85999	12018
-23271	-86574	29568
-22122	-109103	25498
-17645	-80636	40725
-26719	-79990	45250
-27126	-79655	51211
-16448	-68258	67420
-11540	-65984	66271
-13886	-70126	69982
-12761	-54635	69383
-14772	-50397	80421
-10247	-72999	75393
-2466	-45609	86909
-2035	-41730	88800
1628	-28610	94187
3088	-31555	93325
11276	-29161	91769
14724	311	91434
18986	-11468	88393
22457	-12641	101011
25905	-9457	97324
29855	-7422	90764
30573	-9840	86957
37421	-4884	88968
45394	-4908	86765
46519	-5219	86358
49416	-5099	80852
49775	-7230	81666
55904	-4477	78865
63661	-4165	73478
65050	-3064	71395
67253	-4884	68761
63901	-1651	64930
74699	-58418	62440
71754	-8906	69216
78912	-16136	56359
74746	-9935	54515
76997	-15370	58226
71849	-19440	66032
77165	-19728	66702
80325	-18076	61698
76446	-20590	58729
66079	-28993	54563
63781	-33039	70365
69551	-27700	56215
77141	-12425	64380
74555	-40869	59448
67492	-28299	48913
68929	-59759	57915
64763	-48698	48626
73861	-56191	37541
63877	-59471	29185
62488	-71610	24444
65170	-73334	26431
59878	-69838	26001
60142	-72903	23630
54803	-70389	18052
62512	-77691	15562
64906	-80564	6488
64571	-76111	6823
65337	-77955	8858
61123	-82480	7422
60429	-82408	5530
60190	-79008	4309
62321	-79128	9504
63039	-81785	7517
60262	-81331	4979
61411	-72304	21356
63446	-72472	21452
62105	-73956	19847
58777	-65696	20422
58298	-70724	21475
61315	-70868	28826
69743	-67133	41898
67468	-61219	36032
64787	-65337	33183
62512	-55186	37229
60549	-61985	44484
72209	-54659	46615
73358	-54444	42185
73980	-52720	51283
66008	-37253	44244
70126	-36703	51020
66558	-34811	51882
70916	-40246	55545
80373	-39695	60621
75225	-35793	54372
77787	-19800	58657
75968	-19105	57197
76638	-12761	55617
76446	-16663	59878
74986	-15083	61698
84563	3782	59711
84539	7733	53821
77476	2274	50589
76327	7541	53127
79104	17693	50493
83988	22888	50397
84898	25019	48027
84730	30550	46543
83174	30765	34811
81857	41228	27293
87125	43263	31747
79104	43861	32872
80612	45681	26048
83078	49655	16256
76207	53486	8595
82599	50900	11420
82240	52433	10486
80133	49033	6368
89495	56215	10486
81474	51235	5003
82480	51666	-1268
84587	52816	-718
85712	57484	-4572
84251	54468	-7493
85042	52049	-3423
73262	55545	-7326
83270	44005	-10869
86909	53007	-17310
79966	54085	-15227
76829	50733	-17788
79774	53390	-15825
84682	48027	-16160
83054	50852	-20661
80636	53989	-18626
77284	53342	-19057
80038	49727	-19129
87460	46495	-20733
84515	51044	-23175
81833	49607	-19895
83413	54563	-20877
86622	49775	-19297
85832	49488	-15538
82192	49679	-13910
82360	51882	-8547
80804	43502	-6081
84180	47093	-2082
89998	43119	5195
91985	88322	18746
88082	54515	2322
81259	35577	11779
73358	33159	6129
84898	44196	8762
87962	44340	9241
79798	57628	8834
85664	33207	11755
86310	34356	22457
88896	26815	25953
90189	16017	33279
95217	26767	43837
85975	18818	46088
80086	12401	34237
81953	18291	37588
84563	14197	44915
82240	3280	58203
72400	-8667	51571
75321	-9457	58634
73597	-9983	59208
72304	-14197	60405
76375	-22409	67468
67612	-18195	69144
69910	-17741	61291
70916	-13024	64930
69407	-24660	62943
82384	-25378	54683
82384	-35793	28874
76590	13048	39025
75584	23199	81235
73525	837	100364
67708	-11468	94187
81690	29640	75800
85185	47165	63637
72472	2250	50804
66343	-1628	56191
69288	11683	63613
77883	-8954	59208
76901	-12737	73094
73142	12593	76805
62057	14628	75680
58753	-13646	65625
67971	-2298	68402
62919	4812	69096
64499	11683	61219
73597	2873	78194
66415	-13144	84491
57652	-15394	66630
56191	-3016	65241
65672	646	72664
72280	16472	93900
60812	766	87723
51618	-2825	60453
49919	-16017	71442
56383	-17286	83988
78218	13120	86646
61435	2250	101011
47955	-11683	74363
41515	9145	63135
54061	6751	79415
57628	6967	95145
46782	-2801	81139
41347	-3878	65146
45489	21164	80517
50876	9169	95073
47907	9648	93373
49679	12210	94235
45561	18626	91721
46327	18363	87819
48051	-2106	83677
48267	5243	83461
44316	10726	86646
40964	10893	77500
43885	14173	80325
47453	9768	81977
44843	-311	87316
42544	10319	82025
43239	7062	84443
44029	5003	88010
48123	17764	89327
51978	13766	92296
51379	1891	89710
40438	718	87148
38211	8116	91266
38450	18914	84946
41563	17334	87340
41706	22481	90141
40749	9504	83126
40270	5099	80157
45250	5985	78194
55114	11037	82743
53199	12425	87388
47596	11420	81833
45298	16974	77332
49320	12880	87029
48650	10726	86933
46471	17812	84563
46112	23463	87148
44484	15011	84898
41563	8020	79942
42425	7900	82360
46782	12761	84228
50062	15993	89088
49990	26527	87436
46375	9888	94762
38570	7086	77835
40054	18938	79702
41611	17525	90572
41946	17717	86550
37972	15083	80804
42281	9911	84587
45058	25905	94211
41228	20877	92727
38115	24372	87508
29735	19345	87125
38450	19153	80684
40988	20374	93613
40174	29424	90069
32178	16687	86023
27796	14508	80205
32848	28275	86095
34093	21763	90333
30310	28993	83270
34356	23343	86310
37636	16065	89543
31866	16017	89519
32561	32178	89710
34284	31914	99359
22673	18555	89806
21260	23151	79750
24253	27078	82767
28347	19704	82599
30741	19536	87962
36727	37205	97132
25905	27509	94451
27389	29544	85736
30909	30861	94834
29664	28491	86981
34644	35889	88226
34691	21763	90093
33734	19608	84826
33327	19656	87148
27557	14293	85042
30286	35984	83174
41826	54396	104770
35338	18219	101873
36439	35601	87771
23846	40342	99526
13048	19393	76279
21811	28012	80373
31316	19081	96606
23750	11779	87388
13838	18363	85688
11420	16496	83964
26024	38187	91027
19464	48386	111833
3088	9864	84084
-1340	17310	82169
622	32920	90165
9289	44771	95672
8307	33566	107403
-3854	12018	84275
-4070	22960	89686
-1723	19919	89926
8810	30573	105105
5003	21021	96797
3280	17357	89830
6081	5458	91961
4094	26096	98210
4477	32561	98784
-6033	20470	86909
-861	15107	89782
4381	8643	95839
5099	22361	97348
2154	32752	99718
3016	20422	93445
5434	13311	91817
3303	10031	97659
4596	15466	92057
4141	16184	93397
4548	20853	95768
3926	20063	94116
4333	16783	95361
5985	20877	97659
3806	16208	95289
3854	20925	96175
2705	13287	95049
3160	23343	93230
3327	16041	93325
4046	18291	95432
2873	12042	93732
1747	20087	95121
6320	18746	95193
9265	24660	102447
5386	15849	96510
4453	20326	95744
2418	18459	94738
1197	16352	91913
837	19512	92080
3591	19919	93924
6727	16496	96989
9361	19225	99072
5171	18148	96342
3998	15610	95648
6799	16017	97731
5482	17717	95289
4141	18938	91985
2896	16017	92488
4261	15849	92631
4525	15538	95552
4860	22433	95839
4812	19297	96629
7015	18267	97731
6057	20398	99072
3687	15370	93014
4596	18483	94307
3974	18124	93852
4046	18770	92607
5913	14963	93373
8355	19823	97252
7278	19009	97396
5937	19823	96653
5578	18842	97108
3974	14460	94666